date,nav
29-09-2026,270.53200
28-09-2026,272.32800
25-09-2026,276.67000
24-09-2026,277.01000
23-09-2026,279.49000
22-09-2026,276.91300
21-09-2026,276.35500
18-09-2026,276.47600
17-09-2026,271.96200
16-09-2026,269.26400
15-09-2026,268.32400
11-09-2026,274.19900
10-09-2026,274.97400
09-09-2026,275.76800
08-09-2026,276.46000
07-09-2026,275.92800
04-09-2026,276.40900
03-09-2026,277.17400
02-09-2026,275.33200
01-09-2026,277.54900
31-08-2026,279.18700
28-08-2026,276.89000
27-08-2026,276.93100
26-08-2026,277.77400
25-08-2026,277.29400
24-08-2026,277.56500
21-08-2026,278.18500
20-08-2026,278.15700
19-08-2026,276.02500
18-08-2026,277.71100
17-08-2026,277.23400
14-08-2026,276.35500
13-08-2026,276.30900
12-08-2026,276.35800
11-08-2026,276.27100
10-08-2026,276.46700
07-08-2026,275.31000
06-08-2026,275.32700
05-08-2026,274.60500
04-08-2026,272.45500
03-08-2026,272.60400
31-07-2026,268.76200
30-07-2026,268.19900
29-07-2026,269.17000
28-07-2026,266.28900
27-07-2026,267.58100
24-07-2026,263.92900
23-07-2026,263.42400
22-07-2026,265.84500
21-07-2026,269.99800
20-07-2026,269.35400
17-07-2026,268.50100
16-07-2026,269.95700
15-07-2026,270.38500
14-07-2026,268.56000
13-07-2026,271.14000
10-07-2026,270.20900
09-07-2026,266.70900
08-07-2026,262.75500
07-07-2026,267.11700
06-07-2026,269.10900
03-07-2026,268.99100
02-07-2026,268.65700
01-07-2026,266.62700
30-06-2026,265.51600
29-06-2026,263.03500
25-06-2026,263.96100
24-06-2026,265.02200
23-06-2026,264.40000
22-06-2026,265.94000
19-06-2026,265.25600
18-06-2026,262.50400
17-06-2026,260.77700
16-06-2026,259.39700
15-06-2026,258.29800
12-06-2026,256.01900
11-06-2026,251.10500
10-06-2026,252.28400
09-06-2026,254.26500
08-06-2026,251.66400
05-06-2026,255.05500
04-06-2026,253.70200
03-06-2026,252.45600
02-06-2026,253.36800
01-06-2026,251.48500
29-05-2026,253.83200
27-05-2026,256.43400
26-05-2026,256.91700
25-05-2026,257.04200
22-05-2026,255.16900
21-05-2026,255.16400
20-05-2026,252.60200
19-05-2026,252.78100
18-05-2026,250.72100
15-05-2026,253.94800
14-05-2026,253.70900
13-05-2026,252.90500
12-05-2026,251.92300
11-05-2026,258.45400
08-05-2026,259.00100
07-05-2026,258.65900
06-05-2026,256.35300
05-05-2026,252.10600
04-05-2026,252.44000
30-04-2026,249.00200
29-04-2026,251.08600
28-04-2026,249.96400
27-04-2026,251.85400
24-04-2026,248.12200
23-04-2026,250.13200
22-04-2026,251.64100
21-04-2026,250.04400
20-04-2026,247.03200
17-04-2026,247.33800
16-04-2026,244.04400
15-04-2026,242.82000
13-04-2026,237.48100
10-04-2026,238.69900
09-04-2026,234.88800
08-04-2026,235.11400
07-04-2026,227.05200
06-04-2026,226.37700
02-04-2026,224.07700
01-04-2026,223.22300
31-03-2026,218.09800
30-03-2026,218.10700
27-03-2026,222.90800
25-03-2026,227.48300
24-03-2026,222.32000
23-03-2026,217.84700
20-03-2026,225.49800
19-03-2026,225.94800
18-03-2026,232.29500
17-03-2026,227.64700
16-03-2026,226.08500
13-03-2026,226.66300
12-03-2026,232.54500
11-03-2026,234.39500
10-03-2026,234.26100
09-03-2026,230.27400
06-03-2026,235.85800
05-03-2026,236.98100
04-03-2026,234.76500
02-03-2026,239.20400
27-02-2026,243.85500
26-02-2026,245.76400
25-02-2026,245.73800
24-02-2026,244.76800
23-02-2026,246.62200
20-02-2026,244.82400
19-02-2026,245.24600
18-02-2026,248.22800
17-02-2026,246.72300
16-02-2026,244.95400
13-02-2026,245.87500
12-02-2026,248.31500
11-02-2026,249.28100
10-02-2026,248.35700
09-02-2026,246.24200
06-02-2026,240.09700
05-02-2026,241.24200
04-02-2026,242.69400
03-02-2026,242.15500
02-02-2026,235.22300
30-01-2026,237.03700
29-01-2026,233.21900
28-01-2026,234.17100
27-01-2026,231.10800
23-01-2026,231.05700
22-01-2026,233.95900
21-01-2026,231.95000
20-01-2026,233.51700
19-01-2026,237.77400
16-01-2026,241.08500
14-01-2026,241.96600
13-01-2026,242.27500
12-01-2026,241.55000
09-01-2026,243.21100
08-01-2026,246.55300
07-01-2026,250.79200
06-01-2026,250.86600
05-01-2026,252.83700
02-01-2026,252.19300
01-01-2026,250.02600
31-12-2025,249.75800
30-12-2025,246.89900
29-12-2025,248.29700
26-12-2025,249.54500
24-12-2025,250.23300
23-12-2025,250.90900
22-12-2025,250.08700
19-12-2025,248.66600
18-12-2025,246.06700
17-12-2025,247.24000
16-12-2025,248.16400
15-12-2025,250.06800
12-12-2025,249.89300
11-12-2025,248.64800
10-12-2025,247.50500
09-12-2025,247.95900
08-12-2025,245.57300
05-12-2025,249.45700
04-12-2025,251.65100
03-12-2025,251.18800
02-12-2025,252.14800
01-12-2025,252.69200
28-11-2025,252.33500
27-11-2025,252.49800
26-11-2025,253.71000
25-11-2025,250.80400
24-11-2025,250.07400
21-11-2025,250.43800
20-11-2025,253.72700
19-11-2025,254.07400
18-11-2025,255.07500
17-11-2025,256.52500
14-11-2025,256.16500
13-11-2025,257.04100
12-11-2025,257.35200
11-11-2025,255.80300
10-11-2025,256.79100
07-11-2025,257.43400
06-11-2025,257.60500
04-11-2025,262.08900
03-11-2025,263.33400
31-10-2025,260.94900
30-10-2025,263.21500
29-10-2025,263.52400
28-10-2025,260.65000
27-10-2025,260.79300
24-10-2025,259.61700
23-10-2025,259.98500
20-10-2025,259.35200
17-10-2025,259.07200
16-10-2025,259.86000
15-10-2025,257.75700
14-10-2025,256.11400
13-10-2025,258.22100
10-10-2025,258.61700
09-10-2025,257.59200
08-10-2025,258.06200
07-10-2025,258.72300
06-10-2025,258.64400
03-10-2025,257.87300
01-10-2025,255.35800
30-09-2025,253.91000
26-09-2025,254.84800
25-09-2025,259.69700
24-09-2025,260.44800
23-09-2025,261.92000
22-09-2025,263.25400
19-09-2025,265.50700
18-09-2025,264.33700
17-09-2025,264.82600
16-09-2025,264.40600
15-09-2025,262.55700
12-09-2025,262.27400
11-09-2025,261.95800
10-09-2025,262.12000
09-09-2025,261.13200
08-09-2025,261.10400
05-09-2025,261.24500
04-09-2025,260.83100
03-09-2025,260.57000
02-09-2025,258.79300
01-09-2025,257.90100
29-08-2025,255.47500
28-08-2025,255.86900
26-08-2025,258.19900
25-08-2025,262.00700
22-08-2025,261.77200
21-08-2025,262.31400
20-08-2025,262.58100
19-08-2025,262.02700
18-08-2025,260.16100
14-08-2025,256.36000
13-08-2025,256.04800
12-08-2025,254.80600
11-08-2025,254.62700
08-08-2025,253.07200
07-08-2025,255.73800
06-08-2025,256.52400
05-08-2025,259.52700
04-08-2025,260.11400
01-08-2025,259.77400
31-07-2025,263.19800
30-07-2025,264.32800
29-07-2025,264.11800
28-07-2025,262.35000
25-07-2025,264.67100
24-07-2025,269.04800
23-07-2025,268.16600
22-07-2025,268.99100
21-07-2025,269.20400
18-07-2025,269.56900
17-07-2025,270.97000
16-07-2025,270.40000
15-07-2025,269.63000
14-07-2025,267.57200
11-07-2025,266.06500
10-07-2025,267.89200
09-07-2025,268.72400
08-07-2025,267.77400
07-07-2025,267.64600
04-07-2025,267.55400
03-07-2025,267.16000
02-07-2025,265.71500
01-07-2025,266.59200
30-06-2025,266.82400
27-06-2025,265.66000
26-06-2025,264.52900
25-06-2025,263.99300
24-06-2025,261.43100
23-06-2025,260.09000
20-06-2025,258.67700
19-06-2025,257.19700
18-06-2025,260.93900
17-06-2025,260.57000
16-06-2025,262.22400
13-06-2025,261.33700
12-06-2025,261.12900
11-06-2025,264.00900
10-06-2025,263.24900
09-06-2025,263.48700
06-06-2025,261.96600
05-06-2025,261.41800
04-06-2025,260.24700
03-06-2025,258.44900
02-06-2025,257.85600
30-05-2025,257.77200
29-05-2025,257.62400
28-05-2025,257.06100
27-05-2025,255.26600
26-05-2025,255.32500
23-05-2025,252.36500
22-05-2025,251.39200
21-05-2025,250.79100
20-05-2025,249.58900
19-05-2025,252.46700
16-05-2025,251.01700
15-05-2025,247.90000
14-05-2025,246.42600
13-05-2025,244.07000
12-05-2025,242.03800
09-05-2025,235.29100
08-05-2025,236.01700
07-05-2025,237.80200
06-05-2025,235.92200
05-05-2025,239.43000
02-05-2025,236.53800
30-04-2025,236.94300
29-04-2025,239.96300
28-04-2025,239.91000
25-04-2025,238.76600
24-04-2025,243.95400
23-04-2025,244.69500
22-04-2025,244.15200
21-04-2025,242.09000
17-04-2025,238.14100
16-04-2025,236.63300
15-04-2025,235.42700
11-04-2025,229.86600
09-04-2025,225.02800
08-04-2025,226.07700
07-04-2025,221.57600
04-04-2025,230.04400
03-04-2025,235.94600
02-04-2025,235.99700
01-04-2025,234.06700
31-03-2025,236.27800
28-03-2025,236.30400
27-03-2025,235.92600
26-03-2025,234.12500
25-03-2025,236.84500
24-03-2025,238.36600
21-03-2025,235.98500
20-03-2025,232.64300
19-03-2025,231.69200
18-03-2025,227.22900
17-03-2025,223.04600
13-03-2025,222.25400
12-03-2025,222.92700
11-03-2025,223.74100
10-03-2025,224.27900
07-03-2025,227.05500
06-03-2025,226.83000
05-03-2025,223.90700
04-03-2025,218.98700
03-03-2025,217.72500
28-02-2025,218.61700
27-02-2025,222.47500
25-02-2025,226.17900
24-02-2025,226.83300
21-02-2025,230.15400
20-02-2025,230.51600
19-02-2025,228.42300
18-02-2025,224.97300
17-02-2025,227.66300
14-02-2025,229.61100
13-02-2025,234.74900
12-02-2025,236.49800
11-02-2025,239.56800
10-02-2025,247.71400
07-02-2025,252.67700
06-02-2025,253.68300
05-02-2025,254.68000
04-02-2025,252.96400
03-02-2025,250.97400
31-01-2025,251.59300
30-01-2025,246.91500
29-01-2025,246.63100
28-01-2025,240.52100
27-01-2025,243.23400
24-01-2025,248.46900
23-01-2025,255.31700
22-01-2025,252.98400
21-01-2025,256.26200
20-01-2025,260.45500
17-01-2025,259.77300
16-01-2025,260.96000
15-01-2025,258.27800
14-01-2025,257.69100
13-01-2025,255.44700
10-01-2025,265.44600
09-01-2025,271.05900
08-01-2025,273.06400
07-01-2025,276.56900
06-01-2025,272.62100
03-01-2025,278.87700
02-01-2025,278.90300
01-01-2025,277.89300
31-12-2024,274.66300
30-12-2024,273.56500
27-12-2024,275.97500
26-12-2024,275.02500
24-12-2024,274.45700
23-12-2024,273.93700
20-12-2024,274.85600
19-12-2024,279.80400
18-12-2024,280.75300
17-12-2024,281.35700
16-12-2024,283.65000
13-12-2024,282.01400
12-12-2024,282.61400
11-12-2024,284.72000
10-12-2024,284.51100
09-12-2024,283.93900
06-12-2024,283.13700
05-12-2024,281.58000
04-12-2024,281.68600
03-12-2024,279.95900
02-12-2024,276.97200
29-11-2024,275.97800
28-11-2024,273.59900
27-11-2024,274.21900
26-11-2024,271.48600
25-11-2024,271.24300
22-11-2024,267.62900
21-11-2024,266.05700
19-11-2024,266.31300
18-11-2024,265.28600
14-11-2024,266.23200
13-11-2024,264.29000
12-11-2024,270.40100
11-11-2024,273.59200
08-11-2024,276.81900
07-11-2024,280.92900
06-11-2024,282.15000
05-11-2024,278.10100
04-11-2024,276.75700
31-10-2024,276.70400
30-10-2024,273.96700
29-10-2024,270.84600
28-10-2024,269.93300
25-10-2024,269.07200
24-10-2024,273.50000
23-10-2024,274.97500
22-10-2024,273.07100
21-10-2024,282.21600
18-10-2024,285.19900
17-10-2024,285.92800
16-10-2024,289.64500
15-10-2024,288.76100
14-10-2024,286.34800
11-10-2024,286.71300
10-10-2024,286.52100
09-10-2024,286.15200
08-10-2024,283.18600
07-10-2024,279.30300
04-10-2024,285.82900
03-10-2024,287.42700
01-10-2024,290.41700
30-09-2024,288.67100
27-09-2024,289.01500
26-09-2024,288.30400
25-09-2024,288.62000
24-09-2024,288.43500
23-09-2024,288.29500
20-09-2024,285.47700
19-09-2024,283.07400
18-09-2024,284.47400
17-09-2024,287.25500
16-09-2024,286.03900
13-09-2024,285.63600
12-09-2024,284.60800
11-09-2024,282.80600
10-09-2024,283.11000
09-09-2024,279.94800
06-09-2024,280.27100
05-09-2024,281.88300
04-09-2024,280.02500
03-09-2024,279.43000
02-09-2024,277.89400
30-08-2024,278.81300
29-08-2024,276.77700
28-08-2024,278.30000
27-08-2024,278.96800
26-08-2024,277.88100
23-08-2024,277.28600
22-08-2024,277.72800
21-08-2024,276.16200
20-08-2024,274.01400
19-08-2024,272.20100
16-08-2024,271.02000
14-08-2024,267.58300
13-08-2024,268.70700
12-08-2024,270.34300
09-08-2024,270.08100
08-08-2024,268.88900
07-08-2024,269.28000
06-08-2024,263.93900
05-08-2024,265.13600
02-08-2024,274.64400
01-08-2024,276.54400
31-07-2024,277.24500
30-07-2024,276.66400
29-07-2024,276.06900
26-07-2024,274.31300
25-07-2024,271.64100
24-07-2024,272.13400
23-07-2024,268.23400
22-07-2024,268.63400
19-07-2024,266.55000
18-07-2024,271.20300
16-07-2024,273.53000
15-07-2024,272.31700
12-07-2024,272.15900
11-07-2024,273.38100
10-07-2024,272.50900
09-07-2024,273.47300
08-07-2024,271.80700
05-07-2024,272.54300
04-07-2024,270.67600
03-07-2024,269.43400
02-07-2024,267.63200
01-07-2024,267.50700
28-06-2024,264.85500
27-06-2024,264.43100
26-06-2024,265.35400
25-06-2024,264.84400
24-06-2024,262.89500
21-06-2024,261.41200
20-06-2024,261.09400
19-06-2024,261.29900
18-06-2024,262.86400
14-06-2024,260.42300
13-06-2024,259.08500
12-06-2024,257.11200
11-06-2024,254.62800
10-06-2024,252.50600
07-06-2024,249.81600
06-06-2024,244.91600
05-06-2024,239.72700
04-06-2024,232.96500
03-06-2024,245.69300
31-05-2024,241.61800
30-05-2024,239.64000
29-05-2024,241.49800
28-05-2024,241.25000
27-05-2024,241.56200
24-05-2024,242.39500
23-05-2024,243.26600
22-05-2024,243.18000
21-05-2024,242.10200
17-05-2024,241.47700
16-05-2024,238.31200
15-05-2024,234.94400
14-05-2024,232.41500
13-05-2024,230.21800
10-05-2024,229.99700
09-05-2024,228.62100
08-05-2024,231.66000
07-05-2024,230.24000
06-05-2024,232.81600
03-05-2024,233.50600
02-05-2024,233.33200
30-04-2024,232.88400
29-04-2024,232.18000
26-04-2024,231.39300
25-04-2024,230.98700
24-04-2024,230.32300
23-04-2024,228.97400
22-04-2024,228.07400
19-04-2024,226.51000
18-04-2024,226.84900
16-04-2024,226.09000
15-04-2024,224.01400
12-04-2024,226.51900
10-04-2024,227.12800
09-04-2024,226.97400
08-04-2024,227.35100
05-04-2024,226.99600
04-04-2024,225.29100
03-04-2024,224.69800
02-04-2024,223.08100
01-04-2024,221.26400
31-03-2024,217.39400
28-03-2024,217.41900
27-03-2024,215.94800
26-03-2024,215.55100
22-03-2024,215.49900
21-03-2024,212.92000
20-03-2024,209.68500
19-03-2024,209.32000
18-03-2024,211.03900
15-03-2024,210.21900
14-03-2024,209.65400
13-03-2024,206.05500
12-03-2024,213.74700
11-03-2024,215.66500
07-03-2024,217.84700
06-03-2024,216.22000
05-03-2024,219.55700
04-03-2024,220.52600
01-03-2024,220.64100
29-02-2024,219.56200
28-02-2024,219.03100
27-02-2024,221.74200
26-02-2024,221.08000
23-02-2024,222.03500
22-02-2024,221.10400
21-02-2024,220.01700
20-02-2024,221.47200
19-02-2024,222.16900
16-02-2024,221.75200
15-02-2024,219.66800
14-02-2024,218.85300
13-02-2024,217.69900
12-02-2024,217.71200
09-02-2024,221.46100
08-02-2024,222.81400
07-02-2024,224.08200
06-02-2024,223.75900
05-02-2024,222.26500
02-02-2024,223.30200
01-02-2024,223.14600
31-01-2024,223.59500
30-01-2024,220.61300
29-01-2024,220.92100
25-01-2024,219.71800
24-01-2024,220.43500
23-01-2024,218.70000
19-01-2024,221.56300
18-01-2024,220.53300
17-01-2024,220.91000
16-01-2024,223.11300
15-01-2024,223.61900
12-01-2024,223.32000
11-01-2024,222.16300
10-01-2024,220.73500
09-01-2024,220.80300
08-01-2024,220.30700
05-01-2024,221.56500
04-01-2024,220.55700
03-01-2024,220.03300
02-01-2024,219.52400
01-01-2024,219.97700
29-12-2023,218.93300
28-12-2023,217.82500
27-12-2023,217.93000
26-12-2023,217.42200
22-12-2023,217.40600
21-12-2023,214.80800
20-12-2023,212.49600
19-12-2023,217.69500
18-12-2023,216.95300
15-12-2023,216.27000
14-12-2023,214.82800
13-12-2023,213.27600
12-12-2023,212.82600
11-12-2023,213.78600
08-12-2023,212.33800
07-12-2023,212.74200
06-12-2023,212.83500
05-12-2023,212.82600
04-12-2023,213.13900
01-12-2023,210.57000
30-11-2023,209.11100
29-11-2023,207.17100
28-11-2023,206.09600
24-11-2023,205.86100
23-11-2023,205.22900
22-11-2023,204.97900
21-11-2023,205.48400
20-11-2023,204.67500
17-11-2023,203.32600
16-11-2023,202.71300
15-11-2023,201.39700
13-11-2023,199.98100
10-11-2023,199.21200
09-11-2023,198.35200
08-11-2023,198.61200
07-11-2023,197.37000
06-11-2023,196.22000
03-11-2023,194.71600
02-11-2023,193.07900
01-11-2023,192.27600
31-10-2023,192.29600
30-10-2023,192.03600
27-10-2023,193.03400
26-10-2023,190.87800
25-10-2023,192.76300
23-10-2023,193.66800
20-10-2023,199.33900
19-10-2023,200.73600
18-10-2023,200.90800
17-10-2023,201.36400
16-10-2023,200.29300
13-10-2023,199.80700
12-10-2023,200.14600
11-10-2023,198.93300
10-10-2023,197.47800
09-10-2023,196.09400
06-10-2023,198.45000
05-10-2023,197.78700
04-10-2023,197.66400
03-10-2023,199.09700
29-09-2023,198.67600
27-09-2023,198.10900
26-09-2023,197.52200
25-09-2023,197.63200
22-09-2023,197.13700
21-09-2023,197.36900
20-09-2023,198.97900
18-09-2023,199.38800
15-09-2023,200.46100
14-09-2023,200.82300
13-09-2023,199.70000
12-09-2023,199.46400
11-09-2023,204.97000
08-09-2023,203.67700
07-09-2023,202.88000
06-09-2023,202.57200
05-09-2023,202.80200
04-09-2023,200.98600
01-09-2023,199.15700
31-08-2023,198.44000
30-08-2023,197.47600
29-08-2023,196.40000
28-08-2023,195.36400
25-08-2023,194.38000
24-08-2023,194.90900
23-08-2023,194.56600
22-08-2023,193.88900
21-08-2023,192.89700
18-08-2023,192.22500
17-08-2023,192.54700
16-08-2023,192.00500
14-08-2023,191.62400
11-08-2023,192.12800
10-08-2023,192.52000
09-08-2023,193.08900
08-08-2023,192.43100
07-08-2023,192.40400
04-08-2023,192.25000
03-08-2023,191.31100
02-08-2023,191.53900
01-08-2023,192.97100
31-07-2023,192.37700
28-07-2023,190.24200
27-07-2023,189.65000
26-07-2023,189.75300
25-07-2023,189.14600
24-07-2023,188.34900
21-07-2023,188.35400
20-07-2023,188.52000
19-07-2023,188.56700
18-07-2023,187.30700
17-07-2023,187.65400
14-07-2023,185.98900
13-07-2023,185.02200
12-07-2023,185.82000
11-07-2023,185.21100
10-07-2023,184.18100
07-07-2023,184.98700
06-07-2023,185.86400
05-07-2023,185.14100
04-07-2023,184.59400
03-07-2023,184.60700
30-06-2023,184.19400
28-06-2023,182.91900
27-06-2023,182.48200
26-06-2023,181.84500
23-06-2023,181.13000
22-06-2023,183.41700
21-06-2023,183.72000
20-06-2023,182.69500
19-06-2023,181.91100
16-06-2023,181.57300
15-06-2023,180.34900
14-06-2023,180.42900
13-06-2023,179.12000
12-06-2023,177.99900
09-06-2023,176.25200
08-06-2023,176.39600
07-06-2023,176.49300
06-06-2023,175.08400
05-06-2023,174.58200
02-06-2023,174.27300
01-06-2023,173.14000
31-05-2023,172.31200
30-05-2023,171.96400
29-05-2023,171.99800
26-05-2023,171.36500
25-05-2023,170.76400
24-05-2023,170.48900
23-05-2023,170.97700
22-05-2023,170.90000
19-05-2023,169.78100
18-05-2023,169.42600
17-05-2023,169.88800
16-05-2023,168.58100
15-05-2023,168.67200
12-05-2023,167.22500
11-05-2023,167.54700
10-05-2023,166.65600
09-05-2023,165.99300
08-05-2023,165.86900
05-05-2023,164.80300
04-05-2023,165.52000
03-05-2023,164.33300
02-05-2023,164.59500
28-04-2023,164.09500
27-04-2023,162.69600
26-04-2023,161.99000
25-04-2023,162.08700
24-04-2023,162.38500
21-04-2023,162.05700
20-04-2023,161.96900
19-04-2023,161.06900
18-04-2023,161.49900
17-04-2023,161.23500
13-04-2023,161.11300
12-04-2023,160.91200
11-04-2023,160.62500
10-04-2023,159.62400
06-04-2023,159.26400
05-04-2023,158.63100
03-04-2023,157.78000
31-03-2023,157.11600
29-03-2023,155.24900
28-03-2023,153.52600
27-03-2023,154.54600
24-03-2023,156.00100
23-03-2023,157.04700
22-03-2023,157.22700
21-03-2023,157.13300
20-03-2023,156.60400
17-03-2023,157.88200
16-03-2023,157.02300
15-03-2023,158.20000
14-03-2023,158.06100
13-03-2023,159.43000
10-03-2023,161.44900
09-03-2023,162.00900
08-03-2023,162.32300
06-03-2023,162.03000
03-03-2023,161.32500
02-03-2023,160.56700
01-03-2023,160.79500
28-02-2023,159.72300
27-02-2023,159.57900
24-02-2023,161.17500
23-02-2023,161.31900
22-02-2023,161.78200
21-02-2023,162.72000
20-02-2023,162.43100
17-02-2023,162.49800
16-02-2023,162.31500
15-02-2023,160.81300
14-02-2023,160.29900
13-02-2023,160.92800
10-02-2023,162.47900
09-02-2023,162.03900
08-02-2023,162.51200
07-02-2023,161.64300
06-02-2023,161.70500
03-02-2023,161.23000
02-02-2023,160.73700
01-02-2023,160.03900
31-01-2023,160.60500
30-01-2023,158.39700
27-01-2023,158.50400
25-01-2023,159.85500
24-01-2023,161.03500
23-01-2023,161.58500
20-01-2023,161.62800
19-01-2023,162.46500
18-01-2023,161.81600
17-01-2023,161.36900
16-01-2023,161.87500
13-01-2023,162.15500
12-01-2023,162.03600
11-01-2023,161.81900
10-01-2023,162.36900
09-01-2023,162.63200
06-01-2023,161.84400
05-01-2023,162.90400
04-01-2023,162.88900
03-01-2023,163.56900
02-01-2023,163.37700
30-12-2022,162.37200
29-12-2022,161.40400
28-12-2022,161.63500
27-12-2022,161.38800
26-12-2022,160.52000
23-12-2022,157.62200
22-12-2022,161.43100
21-12-2022,163.43900
20-12-2022,165.51200
19-12-2022,165.55300
16-12-2022,165.13400
15-12-2022,166.34200
14-12-2022,167.24700
13-12-2022,166.32200
12-12-2022,166.22500
09-12-2022,166.13900
08-12-2022,166.50000
07-12-2022,166.15800
06-12-2022,166.36800
05-12-2022,167.29000
02-12-2022,167.36500
01-12-2022,166.37200
30-11-2022,165.06300
29-11-2022,164.63800
28-11-2022,165.05500
25-11-2022,163.71400
24-11-2022,163.15200
23-11-2022,162.84100
22-11-2022,162.63600
21-11-2022,162.75500
18-11-2022,162.56800
17-11-2022,163.27600
16-11-2022,163.70600
15-11-2022,164.68500
14-11-2022,165.00100
11-11-2022,164.88900
10-11-2022,164.55700
09-11-2022,165.73500
07-11-2022,166.26600
04-11-2022,165.59600
03-11-2022,165.47000
02-11-2022,165.74000
01-11-2022,165.17300
31-10-2022,164.94600
28-10-2022,163.73200
27-10-2022,164.78400
25-10-2022,164.42200
21-10-2022,163.92200
20-10-2022,164.45200
19-10-2022,165.11000
18-10-2022,164.92300
17-10-2022,164.24600
14-10-2022,163.97100
13-10-2022,164.29200
12-10-2022,164.92300
11-10-2022,164.79800
10-10-2022,166.33500
07-10-2022,167.44100
06-10-2022,167.56800
04-10-2022,166.54600
03-10-2022,165.06000
30-09-2022,165.47800
29-09-2022,163.55900
28-09-2022,162.98600
27-09-2022,163.23800
26-09-2022,162.62500
23-09-2022,166.96500
22-09-2022,169.14600
21-09-2022,169.04600
20-09-2022,169.47300
19-09-2022,167.88700
16-09-2022,169.18900
15-09-2022,172.02000
14-09-2022,171.78900
13-09-2022,172.24400
12-09-2022,171.35500
09-09-2022,170.86700
08-09-2022,170.15800
07-09-2022,169.61100
06-09-2022,168.42700
05-09-2022,168.44300
02-09-2022,167.67200
01-09-2022,166.95900
30-08-2022,166.76000
29-08-2022,164.84800
26-08-2022,165.52500
25-08-2022,165.11900
24-08-2022,165.07300
23-08-2022,164.07900
22-08-2022,163.32100
19-08-2022,164.69500
18-08-2022,165.43700
17-08-2022,165.05700
16-08-2022,164.00500
12-08-2022,162.89500
11-08-2022,162.67500
10-08-2022,161.48600
08-08-2022,161.52500
05-08-2022,161.37800
04-08-2022,161.99500
03-08-2022,161.22400
02-08-2022,161.66600
01-08-2022,161.06100
29-07-2022,158.46100
28-07-2022,156.60400
27-07-2022,155.83000
26-07-2022,156.12500
25-07-2022,157.57900
22-07-2022,157.34500
21-07-2022,157.20800
20-07-2022,156.06300
19-07-2022,155.32600
18-07-2022,153.71700
15-07-2022,151.80700
14-07-2022,151.06400
13-07-2022,151.91800
12-07-2022,151.90500
11-07-2022,152.84400
08-07-2022,151.39900
07-07-2022,150.98200
06-07-2022,149.56900
05-07-2022,148.33700
04-07-2022,148.08200
01-07-2022,146.88800
30-06-2022,147.45600
29-06-2022,147.89600
28-06-2022,148.01500
27-06-2022,147.97400
24-06-2022,145.65600
23-06-2022,144.30900
22-06-2022,142.86200
21-06-2022,143.41200
20-06-2022,141.01200
17-06-2022,143.34900
16-06-2022,144.98500
15-06-2022,147.81100
14-06-2022,146.70900
13-06-2022,146.88800
10-06-2022,150.44100
09-06-2022,151.16700
08-06-2022,151.02300
07-06-2022,151.82500
06-06-2022,153.34200
03-06-2022,153.56400
02-06-2022,155.10400
01-06-2022,154.96500
31-05-2022,153.89300
30-05-2022,152.74600
27-05-2022,150.35000
26-05-2022,149.58200
25-05-2022,148.63700
24-05-2022,151.46400
23-05-2022,152.47800
20-05-2022,152.88800
19-05-2022,150.57900
18-05-2022,152.52900
17-05-2022,151.91600
16-05-2022,149.41000
13-05-2022,149.20600
12-05-2022,147.97000
11-05-2022,150.14300
10-05-2022,152.87900
09-05-2022,155.39900
06-05-2022,157.82100
05-05-2022,159.80200
04-05-2022,161.04700
02-05-2022,163.84500
29-04-2022,163.64300
28-04-2022,163.98700
27-04-2022,162.31700
26-04-2022,163.25500
25-04-2022,162.51700
22-04-2022,164.68400
21-04-2022,165.20900
20-04-2022,164.21900
19-04-2022,164.87500
18-04-2022,165.89300
13-04-2022,167.53000
12-04-2022,166.81700
11-04-2022,168.71000
08-04-2022,167.86800
07-04-2022,166.82200
06-04-2022,167.72700
05-04-2022,167.43300
04-04-2022,165.94800
01-04-2022,164.77000
31-03-2022,163.30000
30-03-2022,162.38200
29-03-2022,160.87700
28-03-2022,159.43600
25-03-2022,158.98300
24-03-2022,160.24300
23-03-2022,160.24500
22-03-2022,160.48400
21-03-2022,159.78300
17-03-2022,159.34200
16-03-2022,157.59300
15-03-2022,156.34700
14-03-2022,156.40100
11-03-2022,155.68800
10-03-2022,154.78500
09-03-2022,153.07600
08-03-2022,151.44700
07-03-2022,149.98100
04-03-2022,152.39500
03-03-2022,155.17900
02-03-2022,155.11500
28-02-2022,155.88500
25-02-2022,155.19300
24-02-2022,151.24300
23-02-2022,157.06700
22-02-2022,156.27600
21-02-2022,157.54700
18-02-2022,159.62600
17-02-2022,160.22400
16-02-2022,161.11800
15-02-2022,160.18100
14-02-2022,157.74200
11-02-2022,163.03100
10-02-2022,165.63500
09-02-2022,165.31400
08-02-2022,164.20200
07-02-2022,165.98300
04-02-2022,167.09400
03-02-2022,167.38100
02-02-2022,167.76500
01-02-2022,165.43900
31-01-2022,163.74800
28-01-2022,161.95300
27-01-2022,160.75700
25-01-2022,162.23100
24-01-2022,163.11000
21-01-2022,169.03700
20-01-2022,171.62400
19-01-2022,172.15900
18-01-2022,172.56700
17-01-2022,174.20500
14-01-2022,173.62100
13-01-2022,173.60200
12-01-2022,173.77200
11-01-2022,171.50800
10-01-2022,171.24300
07-01-2022,169.88400
06-01-2022,169.82200
05-01-2022,170.01300
04-01-2022,169.65400
03-01-2022,169.15400
31-12-2021,167.51800
30-12-2021,165.78200
29-12-2021,165.72300
28-12-2021,164.81000
27-12-2021,163.11900
24-12-2021,163.32400
23-12-2021,164.97900
22-12-2021,163.77100
21-12-2021,162.39000
20-12-2021,160.44700
17-12-2021,165.22100
16-12-2021,167.31300
15-12-2021,167.88300
14-12-2021,168.13500
13-12-2021,168.26000
10-12-2021,168.43800
09-12-2021,167.56200
08-12-2021,166.98400
07-12-2021,165.79900
06-12-2021,164.53300
03-12-2021,166.53800
02-12-2021,166.18300
01-12-2021,164.57600
30-11-2021,164.71800
29-11-2021,161.49400
26-11-2021,164.35100
25-11-2021,168.98100
24-11-2021,168.86100
23-11-2021,167.73900
22-11-2021,166.04100
18-11-2021,170.28700
17-11-2021,172.32400
16-11-2021,171.86600
15-11-2021,171.00500
12-11-2021,170.48000
11-11-2021,169.40100
10-11-2021,169.30400
09-11-2021,170.64900
08-11-2021,170.15000
03-11-2021,165.52500
02-11-2021,165.19600
01-11-2021,163.04800
29-10-2021,161.63800
28-10-2021,162.12300
27-10-2021,163.61000
26-10-2021,163.27000
25-10-2021,160.22200
22-10-2021,161.74200
21-10-2021,164.26900
20-10-2021,164.97100
19-10-2021,168.57100
18-10-2021,170.33600
14-10-2021,168.68300
13-10-2021,167.61500
12-10-2021,167.17700
11-10-2021,166.60700
08-10-2021,165.38800
07-10-2021,163.74700
06-10-2021,162.00600
05-10-2021,162.96200
04-10-2021,162.50800
01-10-2021,160.98700
30-09-2021,159.86500
29-09-2021,158.06400
28-09-2021,157.80500
27-09-2021,158.83900
24-09-2021,159.12300
23-09-2021,159.24000
22-09-2021,157.89900
21-09-2021,156.34800
20-09-2021,156.65200
17-09-2021,159.03000
16-09-2021,160.33900
15-09-2021,160.73300
14-09-2021,159.51000
13-09-2021,158.17700
09-09-2021,157.08700
08-09-2021,156.31900
07-09-2021,155.59900
06-09-2021,155.24500
03-09-2021,154.94000
02-09-2021,153.90100
01-09-2021,152.98500
31-08-2021,152.59500
30-08-2021,151.45900
27-08-2021,149.93300
26-08-2021,148.75200
25-08-2021,147.76200
24-08-2021,147.21400
23-08-2021,145.13600
20-08-2021,146.78700
18-08-2021,148.86400
17-08-2021,148.58100
16-08-2021,148.42100
13-08-2021,148.55500
12-08-2021,148.09500
11-08-2021,146.22900
10-08-2021,147.52700
09-08-2021,149.67400
06-08-2021,150.47900
05-08-2021,150.54000
04-08-2021,150.87300
03-08-2021,151.48300
02-08-2021,150.99500
30-07-2021,149.41200
29-07-2021,148.63700
28-07-2021,147.85600
27-07-2021,148.48200
26-07-2021,148.92300
23-07-2021,148.13800
22-07-2021,147.05000
20-07-2021,145.63000
19-07-2021,146.69400
16-07-2021,146.73300
15-07-2021,145.95700
14-07-2021,145.65300
13-07-2021,145.27700
12-07-2021,144.17300
09-07-2021,143.78500
08-07-2021,143.60300
07-07-2021,143.89000
06-07-2021,143.37700
05-07-2021,143.09500
02-07-2021,142.40500
01-07-2021,141.32700
30-06-2021,140.32900
29-06-2021,139.56300
28-06-2021,139.71200
25-06-2021,139.31000
24-06-2021,138.76700
23-06-2021,138.32800
22-06-2021,138.56400
21-06-2021,138.43100
18-06-2021,137.78700
17-06-2021,137.81700
16-06-2021,137.82000
15-06-2021,138.22200
14-06-2021,137.67300
11-06-2021,137.72600
10-06-2021,137.42300
09-06-2021,136.01700
08-06-2021,137.37300
07-06-2021,136.76100
04-06-2021,135.73900
03-06-2021,135.75400
02-06-2021,134.35800
01-06-2021,132.88500
31-05-2021,133.77000
28-05-2021,133.46900
27-05-2021,132.98800
26-05-2021,132.38600
25-05-2021,131.47400
24-05-2021,131.12200
21-05-2021,129.55800
20-05-2021,128.34800
19-05-2021,128.58400
18-05-2021,127.85200
17-05-2021,126.31700
14-05-2021,124.23900
12-05-2021,125.30000
11-05-2021,126.14500
10-05-2021,125.37000
07-05-2021,124.29600
06-05-2021,124.46200
05-05-2021,124.53800
04-05-2021,124.23800
03-05-2021,124.08500
30-04-2021,122.95600
29-04-2021,123.40200
28-04-2021,122.71800
27-04-2021,121.32000
26-04-2021,119.39000
23-04-2021,118.65300
22-04-2021,118.55200
20-04-2021,118.18100
19-04-2021,117.44900
16-04-2021,119.46500
15-04-2021,118.76700
13-04-2021,118.86100
12-04-2021,117.65900
09-04-2021,122.72000
08-04-2021,122.04900
07-04-2021,121.07600
06-04-2021,119.82900
05-04-2021,119.35400
01-04-2021,120.84600
31-03-2021,119.68300
30-03-2021,118.98500
26-03-2021,117.23200
25-03-2021,115.17900
24-03-2021,116.59100
23-03-2021,118.60100
22-03-2021,117.91300
19-03-2021,117.52800
18-03-2021,117.24700
17-03-2021,117.95500
16-03-2021,119.90600
15-03-2021,119.68300
12-03-2021,120.49100
10-03-2021,120.10100
09-03-2021,118.95200
08-03-2021,119.19000
05-03-2021,118.62900
04-03-2021,119.59800
03-03-2021,118.77500
02-03-2021,117.58500
01-03-2021,116.50800
26-02-2021,115.18200
25-02-2021,115.89300
24-02-2021,114.34200
23-02-2021,112.99500
22-02-2021,112.74800
19-02-2021,113.98800
18-02-2021,114.77300
17-02-2021,114.20800
16-02-2021,113.74000
15-02-2021,114.09500
12-02-2021,113.31400
11-02-2021,112.76200
10-02-2021,111.64200
09-02-2021,110.56400
08-02-2021,110.39500
05-02-2021,108.15300
04-02-2021,108.13100
03-02-2021,106.85300
02-02-2021,105.15500
01-02-2021,103.27000
29-01-2021,101.10500
28-01-2021,101.44900
27-01-2021,102.04700
25-01-2021,102.23300
22-01-2021,102.66200
21-01-2021,103.11800
20-01-2021,103.17400
19-01-2021,102.65500
18-01-2021,101.30600
15-01-2021,103.01700
14-01-2021,103.42800
13-01-2021,103.50700
12-01-2021,103.94100
11-01-2021,103.81000
08-01-2021,103.96400
07-01-2021,103.33300
06-01-2021,102.18600
05-01-2021,101.76100
04-01-2021,100.43200
01-01-2021,99.07600
31-12-2020,97.99800
30-12-2020,97.93400
29-12-2020,97.86100
28-12-2020,97.69300
24-12-2020,95.99600
23-12-2020,95.30300
22-12-2020,93.05200
21-12-2020,93.20700
18-12-2020,96.41200
17-12-2020,96.65300
16-12-2020,96.41900
15-12-2020,95.77300
14-12-2020,95.61500
11-12-2020,95.14000
10-12-2020,94.75100
09-12-2020,95.17600
08-12-2020,94.92600
07-12-2020,95.77400
04-12-2020,95.22300
03-12-2020,94.39600
02-12-2020,93.79800
01-12-2020,93.90900
27-11-2020,92.36900
26-11-2020,89.96500
25-11-2020,89.42600
24-11-2020,90.31000
23-11-2020,89.78600
20-11-2020,88.77000
19-11-2020,87.88700
18-11-2020,88.07100
17-11-2020,87.37400
13-11-2020,85.78600
12-11-2020,84.99800
11-11-2020,84.32900
10-11-2020,83.69200
09-11-2020,83.65200
06-11-2020,83.29300
05-11-2020,83.02200
04-11-2020,82.16200
03-11-2020,81.76800
02-11-2020,81.16900
30-10-2020,80.97100
29-10-2020,80.80800
28-10-2020,80.71900
27-10-2020,81.13000
26-10-2020,80.83500
23-10-2020,81.42500
22-10-2020,80.69500
21-10-2020,80.57500
20-10-2020,80.47300
19-10-2020,80.31100
16-10-2020,79.72000
15-10-2020,78.73400
14-10-2020,79.81100
13-10-2020,79.63100
12-10-2020,79.41700
09-10-2020,80.01900
08-10-2020,80.05400
07-10-2020,80.25800
06-10-2020,80.72900
05-10-2020,80.54700
01-10-2020,80.01100
30-09-2020,79.66700
29-09-2020,79.68300
28-09-2020,79.47400
25-09-2020,77.83600
24-09-2020,76.19900
23-09-2020,78.06500
22-09-2020,78.27400
21-09-2020,79.30300
18-09-2020,82.02800
17-09-2020,82.15400
16-09-2020,81.93700
15-09-2020,81.70400
14-09-2020,80.80700
11-09-2020,76.86900
10-09-2020,77.08700
09-09-2020,75.91600
08-09-2020,76.78900
07-09-2020,77.18900
04-09-2020,76.84900
03-09-2020,77.30900
02-09-2020,77.11000
01-09-2020,75.94000
31-08-2020,75.80200
28-08-2020,78.74700
27-08-2020,79.11900
26-08-2020,78.59500
25-08-2020,77.63800
24-08-2020,78.12800
21-08-2020,77.11200
20-08-2020,75.38300
19-08-2020,75.01700
18-08-2020,74.24100
17-08-2020,73.61000
14-08-2020,72.62500
13-08-2020,73.18500
12-08-2020,72.02800
11-08-2020,72.08200
10-08-2020,71.71900
07-08-2020,71.11600
06-08-2020,70.81500
05-08-2020,69.94600
04-08-2020,69.56400
03-08-2020,69.19000
31-07-2020,68.11300
30-07-2020,67.39300
29-07-2020,67.54800
28-07-2020,67.64100
27-07-2020,67.45600
24-07-2020,68.10200
23-07-2020,68.13900
22-07-2020,67.50200
21-07-2020,67.30400
20-07-2020,66.88000
17-07-2020,65.95800
16-07-2020,65.36100
15-07-2020,65.35000
14-07-2020,65.41300
13-07-2020,65.96100
10-07-2020,66.09600
09-07-2020,66.44700
08-07-2020,66.07100
07-07-2020,66.09400
06-07-2020,65.78900
03-07-2020,65.27300
02-07-2020,64.90800
01-07-2020,64.31100
30-06-2020,63.92700
29-06-2020,64.07700
26-06-2020,64.82600
25-06-2020,64.77200
24-06-2020,64.57700
23-06-2020,65.31600
22-06-2020,64.22700
19-06-2020,63.41600
18-06-2020,62.44200
17-06-2020,61.77900
16-06-2020,61.52000
15-06-2020,61.22200
12-06-2020,61.32500
11-06-2020,61.20500
10-06-2020,61.90700
09-06-2020,61.76100
08-06-2020,62.13200
05-06-2020,61.63600
04-06-2020,60.37300
03-06-2020,60.40400
02-06-2020,59.87700
01-06-2020,58.28000
29-05-2020,56.80400
28-05-2020,56.35000
27-05-2020,55.42400
26-05-2020,55.10200
22-05-2020,54.60200
21-05-2020,54.72100
20-05-2020,54.36500
19-05-2020,53.64800
18-05-2020,53.64400
15-05-2020,55.43800
14-05-2020,55.49600
13-05-2020,55.87900
12-05-2020,54.71200
11-05-2020,55.17700
08-05-2020,55.52700
07-05-2020,56.02000
06-05-2020,56.40600
05-05-2020,56.24600
04-05-2020,56.71800
30-04-2020,58.78300
29-04-2020,57.93900
28-04-2020,57.29900
27-04-2020,57.07900
24-04-2020,56.26400
23-04-2020,57.34200
22-04-2020,56.79900
21-04-2020,55.91600
20-04-2020,57.56200
17-04-2020,57.06600
16-04-2020,55.48000
15-04-2020,54.68500
13-04-2020,53.82100
09-04-2020,54.39200
08-04-2020,53.19100
07-04-2020,52.57800
03-04-2020,50.80200
01-04-2020,51.88900
31-03-2020,52.54500
30-03-2020,51.06100
27-03-2020,52.15400
26-03-2020,52.17100
25-03-2020,50.66000
24-03-2020,49.56800
23-03-2020,49.89500
20-03-2020,56.04500
19-03-2020,54.77200
18-03-2020,57.42200
17-03-2020,60.79500
16-03-2020,62.17500
13-03-2020,65.81800
12-03-2020,65.51900
11-03-2020,70.87400
09-03-2020,71.31600
06-03-2020,74.03000
05-03-2020,75.11500
04-03-2020,74.77500
03-03-2020,75.89900
02-03-2020,75.37600
28-02-2020,75.74400
27-02-2020,77.48700
26-02-2020,78.13400
25-02-2020,78.74200
24-02-2020,79.14800
20-02-2020,80.24300
19-02-2020,80.17200
18-02-2020,79.12400
17-02-2020,79.64700
14-02-2020,80.25700
13-02-2020,80.38900
12-02-2020,80.56100
11-02-2020,80.43500
10-02-2020,80.47500
07-02-2020,80.80400
06-02-2020,80.22500
05-02-2020,80.12100
04-02-2020,79.70700
03-02-2020,78.83200
31-01-2020,79.70800
30-01-2020,79.70800
29-01-2020,80.15600
28-01-2020,79.81900
27-01-2020,79.70900
24-01-2020,79.72800
23-01-2020,79.06600
22-01-2020,78.08200
21-01-2020,78.07500
20-01-2020,77.94300
17-01-2020,78.06100
16-01-2020,77.69300
15-01-2020,77.05300
14-01-2020,76.69000
13-01-2020,76.19900
10-01-2020,75.66400
09-01-2020,75.24600
08-01-2020,74.28900
07-01-2020,74.12000
06-01-2020,73.47300
03-01-2020,74.46700
02-01-2020,74.04700
01-01-2020,73.23300
31-12-2019,73.01800
30-12-2019,72.66600
27-12-2019,72.26900
26-12-2019,71.63300
24-12-2019,71.40500
23-12-2019,71.51600
20-12-2019,71.62900
19-12-2019,71.55900
18-12-2019,71.52200
17-12-2019,71.52100
16-12-2019,71.27800
13-12-2019,71.52500
12-12-2019,70.97800
11-12-2019,70.70100
10-12-2019,70.59500
09-12-2019,71.31400
06-12-2019,71.44700
05-12-2019,71.89200
04-12-2019,72.01200
03-12-2019,71.60100
02-12-2019,71.96900
29-11-2019,71.97800
28-11-2019,71.92000
27-11-2019,71.77400
26-11-2019,71.39500
25-11-2019,71.37600
22-11-2019,71.10900
21-11-2019,71.14000
20-11-2019,71.50000
19-11-2019,71.44700
18-11-2019,71.42800
15-11-2019,71.41600
14-11-2019,71.63700
13-11-2019,71.26800
11-11-2019,71.38000
08-11-2019,71.11200
07-11-2019,71.18800
06-11-2019,71.03400
05-11-2019,71.25500
04-11-2019,71.77400
01-11-2019,71.48900
31-10-2019,71.34600
30-10-2019,70.98600
29-10-2019,70.91200
25-10-2019,70.13800
24-10-2019,70.33000
23-10-2019,70.24100
22-10-2019,70.23100
18-10-2019,69.91400
17-10-2019,69.15000
16-10-2019,68.47800
15-10-2019,68.57600
14-10-2019,68.61800
11-10-2019,68.51000
10-10-2019,68.32400
09-10-2019,68.79900
07-10-2019,68.42000
04-10-2019,68.86500
03-10-2019,69.20000
01-10-2019,69.25700
30-09-2019,69.93900
27-09-2019,70.43100
26-09-2019,70.50000
25-09-2019,70.11400
24-09-2019,70.67900
23-09-2019,70.71300
20-09-2019,68.36300
19-09-2019,65.89500
18-09-2019,66.41900
17-09-2019,66.44200
16-09-2019,67.38400
13-09-2019,67.13000
12-09-2019,66.60800
11-09-2019,66.69700
09-09-2019,65.88800
06-09-2019,65.22100
05-09-2019,64.75000
04-09-2019,64.46300
03-09-2019,64.22100
30-08-2019,65.02600
29-08-2019,64.44400
28-08-2019,64.94000
27-08-2019,65.17600
26-08-2019,64.31800
23-08-2019,63.37600
22-08-2019,63.22800
21-08-2019,63.74600
20-08-2019,64.38100
19-08-2019,64.79600
16-08-2019,64.59200
14-08-2019,64.31300
13-08-2019,63.87200
09-08-2019,64.92900
08-08-2019,64.28900
07-08-2019,63.86800
06-08-2019,63.68600
05-08-2019,62.62300
02-08-2019,63.68500
01-08-2019,64.05900
31-07-2019,64.80600
30-07-2019,64.49600
29-07-2019,65.70500
26-07-2019,66.50400
25-07-2019,66.30900
24-07-2019,66.31600
23-07-2019,67.02900
22-07-2019,67.02000
19-07-2019,67.36300
18-07-2019,68.60100
17-07-2019,69.29200
16-07-2019,69.16200
15-07-2019,69.20600
12-07-2019,69.67500
11-07-2019,69.63600
10-07-2019,69.38100
09-07-2019,69.84300
08-07-2019,69.95300
05-07-2019,71.11900
04-07-2019,71.97400
03-07-2019,71.82400
02-07-2019,71.77800
01-07-2019,71.55600
28-06-2019,71.38300
27-06-2019,71.06300
26-06-2019,70.70600
25-06-2019,70.44200
24-06-2019,70.08600
21-06-2019,70.29700
20-06-2019,70.39000
19-06-2019,69.83300
18-06-2019,70.26600
17-06-2019,70.32200
14-06-2019,71.14700
13-06-2019,71.47100
12-06-2019,71.71300
11-06-2019,72.09800
10-06-2019,71.90800
07-06-2019,71.89600
06-06-2019,71.97900
04-06-2019,72.61000
03-06-2019,72.74400
31-05-2019,72.47200
30-05-2019,72.42700
29-05-2019,72.38500
28-05-2019,72.62200
27-05-2019,72.34900
24-05-2019,71.00200
23-05-2019,69.71900
22-05-2019,69.28500
21-05-2019,69.06900
20-05-2019,69.33200
17-05-2019,67.07600
16-05-2019,67.03300
15-05-2019,67.00800
14-05-2019,67.16700
13-05-2019,67.03400
10-05-2019,68.05300
09-05-2019,68.09000
08-05-2019,68.54900
07-05-2019,68.96900
06-05-2019,69.40900
03-05-2019,69.95900
02-05-2019,70.21300
30-04-2019,70.45100
26-04-2019,71.01100
25-04-2019,71.07900
24-04-2019,71.06400
23-04-2019,70.89000
22-04-2019,70.86000
18-04-2019,71.75000
16-04-2019,72.25400
15-04-2019,71.90000
12-04-2019,71.58800
11-04-2019,71.43300
10-04-2019,71.44000
09-04-2019,71.40800
08-04-2019,71.54200
05-04-2019,71.94300
04-04-2019,71.51400
03-04-2019,71.66700
02-04-2019,72.13500
01-04-2019,72.25500
29-03-2019,72.06600
28-03-2019,71.17000
27-03-2019,70.70300
26-03-2019,70.31800
25-03-2019,69.84000
22-03-2019,70.45800
20-03-2019,70.79700
19-03-2019,71.12800
18-03-2019,70.86300
15-03-2019,70.90600
14-03-2019,70.91100
13-03-2019,70.90700
12-03-2019,71.08700
11-03-2019,70.44200
08-03-2019,69.45300
07-03-2019,69.43400
06-03-2019,69.23800
05-03-2019,68.67100
01-03-2019,66.81900
28-02-2019,65.53900
27-02-2019,65.01600
26-02-2019,64.88600
25-02-2019,65.10300
22-02-2019,64.75900
21-02-2019,64.63600
20-02-2019,64.20800
19-02-2019,63.59800
18-02-2019,63.57700
15-02-2019,64.02700
14-02-2019,64.15800
13-02-2019,64.16600
12-02-2019,64.37100
11-02-2019,64.61400
08-02-2019,65.19400
07-02-2019,65.58800
06-02-2019,65.37500
05-02-2019,65.63600
04-02-2019,66.06100
01-02-2019,66.66400
31-01-2019,66.65700
30-01-2019,66.49400
29-01-2019,66.04200
28-01-2019,65.96200
25-01-2019,67.02800
24-01-2019,67.66900
23-01-2019,67.86600
22-01-2019,67.88600
21-01-2019,68.34600
18-01-2019,68.74400
17-01-2019,68.88400
16-01-2019,69.08400
15-01-2019,68.86100
14-01-2019,68.29700
11-01-2019,68.39400
10-01-2019,68.50600
09-01-2019,68.39200
08-01-2019,68.44800
07-01-2019,68.46400
04-01-2019,68.56700
03-01-2019,68.72400
02-01-2019,69.11400
01-01-2019,69.58000
31-12-2018,69.51200
28-12-2018,68.80000
27-12-2018,68.61900
26-12-2018,68.14500
24-12-2018,68.38200
21-12-2018,68.82800
20-12-2018,69.39200
19-12-2018,69.47600
18-12-2018,68.87900
17-12-2018,68.80600
14-12-2018,68.58100
13-12-2018,68.50700
12-12-2018,67.98700
11-12-2018,66.65500
10-12-2018,66.08400
07-12-2018,66.95600
06-12-2018,67.02700
05-12-2018,67.83100
04-12-2018,68.37800
03-12-2018,68.18000
30-11-2018,68.03200
29-11-2018,67.85800
28-11-2018,67.63300
27-11-2018,67.63600
26-11-2018,67.39600
22-11-2018,67.60900
21-11-2018,67.65100
20-11-2018,67.65600
19-11-2018,68.06000
16-11-2018,67.74400
15-11-2018,67.62800
14-11-2018,67.54200
13-11-2018,67.32700
12-11-2018,67.26200
09-11-2018,67.78900
06-11-2018,67.11900
05-11-2018,67.38100
02-11-2018,67.36400
01-11-2018,66.85100
31-10-2018,66.27600
30-10-2018,65.43100
29-10-2018,65.17900
26-10-2018,64.27700
25-10-2018,64.24100
24-10-2018,64.71700
23-10-2018,64.09000
22-10-2018,64.90600
19-10-2018,66.04100
17-10-2018,66.99900
16-10-2018,68.00900
15-10-2018,66.97700
12-10-2018,66.56700
11-10-2018,65.17400
10-10-2018,66.04400
09-10-2018,64.20100
08-10-2018,64.52100
05-10-2018,65.52000
04-10-2018,66.66000
03-10-2018,67.75100
01-10-2018,67.89500
28-09-2018,68.16300
27-09-2018,69.21000
26-09-2018,70.06200
25-09-2018,70.12800
24-09-2018,70.51700
21-09-2018,72.19600
19-09-2018,73.32400
18-09-2018,73.71800
17-09-2018,74.29500
14-09-2018,74.44200
12-09-2018,73.89300
11-09-2018,74.22100
10-09-2018,74.74400
07-09-2018,75.66400
06-09-2018,75.35500
05-09-2018,75.02500
04-09-2018,75.38000
03-09-2018,76.52300
31-08-2018,76.76200
30-08-2018,76.58000
29-08-2018,76.58500
28-08-2018,76.56500
27-08-2018,76.22000
24-08-2018,75.43900
23-08-2018,75.60200
21-08-2018,75.37100
20-08-2018,75.12800
17-08-2018,74.95500
16-08-2018,74.54100
14-08-2018,74.63800
13-08-2018,74.23500
10-08-2018,75.08700
09-08-2018,75.53100
08-08-2018,75.28700
07-08-2018,75.17600
06-08-2018,75.75100
03-08-2018,75.48800
02-08-2018,74.67000
01-08-2018,74.80500
31-07-2018,74.69000
30-07-2018,74.37200
27-07-2018,74.09400
26-07-2018,73.37200
25-07-2018,73.10400
24-07-2018,73.29800
23-07-2018,72.68000
20-07-2018,72.15800
19-07-2018,71.91700
18-07-2018,72.71400
17-07-2018,73.08400
16-07-2018,72.70600
13-07-2018,74.07500
12-07-2018,74.67400
11-07-2018,74.64700
10-07-2018,74.90900
09-07-2018,74.63000
06-07-2018,73.98200
05-07-2018,73.65400
04-07-2018,74.14600
03-07-2018,74.08200
02-07-2018,73.41200
29-06-2018,73.74800
28-06-2018,72.87000
27-06-2018,73.74000
26-06-2018,74.43700
25-06-2018,74.87100
22-06-2018,75.59200
21-06-2018,75.58800
20-06-2018,76.09200
19-06-2018,76.17300
18-06-2018,76.88300
15-06-2018,77.24900
14-06-2018,77.53300
13-06-2018,77.49800
12-06-2018,77.88100
11-06-2018,77.42800
08-06-2018,77.22600
07-06-2018,77.18900
06-06-2018,76.22700
05-06-2018,75.38200
04-06-2018,76.68100
01-06-2018,77.48400
31-05-2018,78.46600
30-05-2018,78.67100
29-05-2018,78.78600
28-05-2018,79.29800
25-05-2018,78.70600
24-05-2018,78.11700
23-05-2018,78.20200
22-05-2018,78.57200
21-05-2018,78.16900
18-05-2018,79.51500
17-05-2018,80.37700
16-05-2018,80.30100
15-05-2018,80.41900
14-05-2018,80.84300
11-05-2018,81.13400
10-05-2018,80.68700
09-05-2018,81.47800
08-05-2018,81.53700
07-05-2018,81.39700
04-05-2018,81.19600
03-05-2018,81.07100
02-05-2018,81.72800
30-04-2018,82.66000
27-04-2018,82.06900
26-04-2018,81.46900
25-04-2018,80.94000
24-04-2018,81.34900
23-04-2018,81.14400
20-04-2018,80.69400
19-04-2018,81.03800
18-04-2018,80.75000
17-04-2018,80.88000
16-04-2018,81.04600
13-04-2018,80.81800
12-04-2018,80.82300
11-04-2018,81.00800
10-04-2018,80.67400
09-04-2018,80.72400
06-04-2018,80.34800
05-04-2018,80.30500
04-04-2018,79.00500
03-04-2018,79.27500
02-04-2018,78.44300
28-03-2018,77.24000
27-03-2018,77.73800
26-03-2018,76.84800
23-03-2018,76.08400
22-03-2018,76.79300
21-03-2018,77.25800
20-03-2018,77.14800
19-03-2018,77.27400
16-03-2018,78.27200
15-03-2018,78.97200
14-03-2018,78.46400
13-03-2018,78.34000
12-03-2018,77.64100
09-03-2018,77.43700
08-03-2018,77.41500
07-03-2018,77.17200
06-03-2018,78.33200
05-03-2018,78.69400
01-03-2018,79.54300
28-02-2018,79.65800
27-02-2018,79.40000
26-02-2018,79.47100
23-02-2018,78.47600
22-02-2018,77.57600
21-02-2018,77.95200
20-02-2018,78.10300
19-02-2018,78.22800
16-02-2018,79.13200
15-02-2018,79.88900
14-02-2018,80.50500
12-02-2018,80.71800
09-02-2018,79.93200
08-02-2018,80.08400
07-02-2018,78.71600
06-02-2018,77.92700
05-02-2018,78.79100
02-02-2018,79.64500
01-02-2018,82.09100
31-01-2018,81.69600
30-01-2018,82.12000
29-01-2018,82.49700
25-01-2018,83.42500
24-01-2018,84.02100
23-01-2018,84.53500
22-01-2018,84.43100
19-01-2018,84.17500
18-01-2018,83.73400
17-01-2018,84.41000
16-01-2018,84.00400
15-01-2018,85.19800
12-01-2018,85.46800
11-01-2018,85.37300
10-01-2018,85.38500
09-01-2018,85.59100
08-01-2018,85.90700
05-01-2018,85.39600
04-01-2018,84.45400
03-01-2018,83.57100
02-01-2018,83.08800
01-01-2018,83.72500
29-12-2017,84.05500
28-12-2017,83.73600
27-12-2017,83.69600
26-12-2017,83.82700
22-12-2017,83.24400
21-12-2017,82.87600
20-12-2017,82.46300
19-12-2017,81.90000
18-12-2017,80.95400
15-12-2017,80.41000
14-12-2017,79.54500
13-12-2017,79.36600
12-12-2017,79.87000
11-12-2017,80.43100
08-12-2017,80.28000
07-12-2017,79.57700
06-12-2017,78.72200
05-12-2017,79.23600
04-12-2017,79.24200
01-12-2017,79.39200
30-11-2017,80.25700
29-11-2017,80.15900
28-11-2017,79.93300
27-11-2017,79.70900
24-11-2017,79.46400
23-11-2017,79.16300
22-11-2017,78.96800
21-11-2017,78.86500
20-11-2017,78.40500
17-11-2017,77.97300
16-11-2017,77.05700
15-11-2017,76.19500
14-11-2017,76.73200
13-11-2017,76.70400
10-11-2017,76.84400
09-11-2017,77.01900
08-11-2017,76.61000
07-11-2017,76.95500
06-11-2017,77.76800
03-11-2017,77.65800
02-11-2017,77.27300
01-11-2017,77.06900
31-10-2017,76.69200
30-10-2017,76.58000
27-10-2017,75.79300
26-10-2017,75.52400
25-10-2017,75.45700
24-10-2017,75.76500
23-10-2017,75.59700
18-10-2017,75.66300
17-10-2017,75.82000
16-10-2017,75.86200
13-10-2017,75.39800
12-10-2017,75.48600
11-10-2017,74.69800
10-10-2017,75.25800
09-10-2017,74.60100
06-10-2017,74.32300
05-10-2017,73.57800
04-10-2017,73.17600
03-10-2017,73.04000
29-09-2017,72.86500
28-09-2017,72.04100
27-09-2017,71.88300
26-09-2017,72.86800
25-09-2017,72.47500
22-09-2017,73.54100
21-09-2017,75.27000
20-09-2017,75.59300
19-09-2017,75.95300
18-09-2017,75.80900
15-09-2017,74.42700
14-09-2017,74.35800
13-09-2017,73.96600
12-09-2017,74.38500
11-09-2017,73.89300
08-09-2017,73.58000
07-09-2017,73.72700
06-09-2017,73.48400
05-09-2017,73.59800
04-09-2017,73.11400
01-09-2017,73.26700
31-08-2017,72.68400
30-08-2017,72.19500
29-08-2017,71.51100
28-08-2017,72.21600
24-08-2017,71.76700
23-08-2017,71.34100
22-08-2017,70.92300
21-08-2017,71.01400
18-08-2017,71.76500
17-08-2017,72.05800
16-08-2017,72.41400
14-08-2017,71.70800
11-08-2017,70.56300
10-08-2017,70.54500
09-08-2017,71.96400
08-08-2017,73.38100
07-08-2017,74.04600
04-08-2017,73.54900
03-08-2017,73.36200
02-08-2017,74.00100
01-08-2017,74.18700
31-07-2017,74.00500
28-07-2017,73.98900
27-07-2017,73.99100
26-07-2017,74.30100
25-07-2017,74.37500
24-07-2017,74.16700
21-07-2017,74.34100
20-07-2017,74.25700
19-07-2017,74.71400
18-07-2017,74.14100
17-07-2017,74.49700
14-07-2017,74.59800
13-07-2017,74.84000
12-07-2017,74.34500
11-07-2017,73.99700
10-07-2017,74.17900
07-07-2017,73.67100
06-07-2017,73.62200
05-07-2017,73.56200
04-07-2017,73.06200
03-07-2017,73.13900
30-06-2017,72.33000
29-06-2017,71.87400
28-06-2017,71.65100
27-06-2017,71.55300
23-06-2017,72.39000
22-06-2017,73.17400
21-06-2017,73.59400
20-06-2017,73.70800
19-06-2017,73.60100
16-06-2017,73.51700
15-06-2017,73.23600
14-06-2017,73.36300
13-06-2017,73.33500
12-06-2017,73.49700
09-06-2017,73.78700
08-06-2017,73.68000
07-06-2017,73.50700
06-06-2017,72.96600
05-06-2017,73.45600
02-06-2017,73.29700
01-06-2017,72.83600
31-05-2017,72.39300
30-05-2017,71.73100
29-05-2017,71.34000
26-05-2017,71.99100
25-05-2017,70.74700
24-05-2017,69.91200
23-05-2017,70.46900
22-05-2017,71.44800
19-05-2017,71.79100
18-05-2017,72.40600
17-05-2017,73.60700
16-05-2017,73.82000
15-05-2017,73.53600
12-05-2017,72.95400
11-05-2017,73.48400
10-05-2017,73.43700
09-05-2017,72.95200
08-05-2017,72.85500
05-05-2017,72.54100
04-05-2017,72.82100
03-05-2017,72.60800
02-05-2017,72.86100
28-04-2017,72.72900
27-04-2017,72.40300
26-04-2017,72.46600
25-04-2017,72.56600
24-04-2017,72.04700
21-04-2017,71.51200
20-04-2017,71.37900
19-04-2017,70.98000
18-04-2017,70.70500
17-04-2017,70.99200
13-04-2017,71.08200
12-04-2017,71.11900
11-04-2017,71.31300
10-04-2017,70.84200
07-04-2017,70.27900
06-04-2017,70.35900
05-04-2017,70.32600
03-04-2017,69.95700
31-03-2017,69.60500
30-03-2017,68.97500
29-03-2017,68.38200
28-03-2017,68.20300
27-03-2017,67.46800
24-03-2017,67.31300
23-03-2017,67.08000
22-03-2017,66.77700
21-03-2017,67.28400
20-03-2017,67.23400
17-03-2017,67.19800
16-03-2017,67.05900
15-03-2017,66.58000
14-03-2017,66.08000
10-03-2017,65.39800
09-03-2017,65.43400
08-03-2017,65.45700
07-03-2017,65.58700
06-03-2017,65.66500
03-03-2017,65.39300
02-03-2017,65.42300
01-03-2017,66.11900
28-02-2017,65.87900
27-02-2017,65.67400
23-02-2017,65.66800
22-02-2017,65.48600
21-02-2017,65.72100
20-02-2017,65.50900
17-02-2017,65.17200
16-02-2017,64.82300
15-02-2017,63.98700
14-02-2017,64.83300
13-02-2017,65.09400
10-02-2017,65.29500
09-02-2017,65.22900
08-02-2017,65.12800
07-02-2017,64.99500
06-02-2017,65.31300
03-02-2017,64.73400
02-02-2017,63.86900
01-02-2017,63.33100
31-01-2017,62.44700
30-01-2017,62.87400
27-01-2017,62.81000
25-01-2017,62.58400
24-01-2017,61.96200
23-01-2017,61.42500
20-01-2017,61.33700
19-01-2017,61.87500
18-01-2017,61.56400
17-01-2017,61.10200
16-01-2017,61.05600
13-01-2017,60.92400
12-01-2017,61.05000
11-01-2017,61.13700
10-01-2017,60.42400
09-01-2017,59.91400
06-01-2017,59.94200
05-01-2017,59.98800
04-01-2017,59.46100
03-01-2017,59.12900
02-01-2017,58.69500
30-12-2016,58.36200
29-12-2016,57.92700
28-12-2016,57.39500
27-12-2016,57.03500
26-12-2016,56.20300
23-12-2016,57.15800
22-12-2016,57.35600
21-12-2016,58.05500
20-12-2016,58.13400
19-12-2016,58.48400
16-12-2016,58.79100
15-12-2016,58.88300
14-12-2016,59.04000
13-12-2016,59.45800
12-12-2016,59.68200
09-12-2016,60.35800
08-12-2016,60.11200
07-12-2016,59.22300
06-12-2016,59.37500
05-12-2016,59.24800
02-12-2016,59.15300
01-12-2016,59.89800
30-11-2016,60.60400
29-11-2016,60.04300
28-11-2016,59.74000
25-11-2016,59.36000
24-11-2016,58.48200
23-11-2016,58.67800
22-11-2016,58.06800
21-11-2016,57.34800
18-11-2016,58.59300
17-11-2016,58.82400
16-11-2016,59.23700
15-11-2016,59.04700
11-11-2016,61.53200
10-11-2016,63.46600
09-11-2016,62.66100
08-11-2016,63.54500
07-11-2016,63.51400
04-11-2016,62.91600
03-11-2016,63.79000
02-11-2016,64.28500
01-11-2016,65.27600
28-10-2016,64.98700
27-10-2016,64.46300
26-10-2016,65.02100
25-10-2016,65.55800
24-10-2016,65.18800
21-10-2016,65.03400
20-10-2016,64.98400
19-10-2016,64.95700
18-10-2016,64.95900
17-10-2016,64.23200
14-10-2016,64.60900
13-10-2016,64.14300
10-10-2016,64.83100
07-10-2016,64.67000
06-10-2016,64.73600
05-10-2016,64.81300
04-10-2016,64.66900
03-10-2016,64.37200
30-09-2016,63.05400
29-09-2016,62.38300
28-09-2016,64.00200
27-09-2016,63.55100
26-09-2016,63.42400
23-09-2016,63.72000
22-09-2016,63.39000
21-09-2016,62.77500
20-09-2016,62.69100
19-09-2016,62.73600
16-09-2016,62.55500
15-09-2016,62.47300
14-09-2016,62.42200
12-09-2016,61.92000
09-09-2016,63.15000
08-09-2016,63.42300
07-09-2016,63.21600
06-09-2016,63.20600
02-09-2016,62.52700
01-09-2016,62.30700
31-08-2016,62.56500
30-08-2016,62.06900
29-08-2016,61.66500
26-08-2016,61.63300
25-08-2016,61.57100
24-08-2016,61.77200
23-08-2016,61.50500
22-08-2016,61.65200
19-08-2016,61.95000
18-08-2016,61.80600
17-08-2016,61.50600
16-08-2016,61.24000
12-08-2016,60.96100
11-08-2016,60.81300
10-08-2016,60.74200
09-08-2016,61.27000
08-08-2016,61.43600
05-08-2016,61.00200
04-08-2016,59.87200
03-08-2016,59.48700
02-08-2016,60.38800
01-08-2016,60.56700
29-07-2016,60.45200
28-07-2016,60.17100
27-07-2016,59.82500
26-07-2016,59.63600
25-07-2016,59.76200
22-07-2016,59.25600
21-07-2016,58.83900
20-07-2016,58.81900
19-07-2016,58.32300
18-07-2016,58.25200
15-07-2016,58.44300
14-07-2016,58.86800
13-07-2016,58.47100
12-07-2016,58.71000
11-07-2016,58.38000
08-07-2016,57.89200
07-07-2016,57.93800
05-07-2016,58.06000
04-07-2016,58.09600
01-07-2016,57.62200
30-06-2016,57.04300
29-06-2016,56.45600
28-06-2016,55.91100
27-06-2016,55.64800
24-06-2016,55.14500
23-06-2016,55.75900
22-06-2016,55.57900
21-06-2016,55.72800
20-06-2016,55.83400
17-06-2016,55.77500
16-06-2016,55.61000
15-06-2016,55.92000
14-06-2016,55.63100
13-06-2016,55.54500
10-06-2016,55.70500
09-06-2016,55.94400
08-06-2016,56.09100
07-06-2016,55.86200
06-06-2016,55.34900
03-06-2016,55.22700
02-06-2016,55.20900
01-06-2016,55.05000
31-05-2016,55.01200
30-05-2016,55.09600
27-05-2016,54.92500
26-05-2016,54.39000
25-05-2016,53.70300
24-05-2016,52.90400
23-05-2016,53.20000
20-05-2016,53.33400
19-05-2016,53.72900
18-05-2016,54.29900
17-05-2016,54.36200
16-05-2016,54.00500
13-05-2016,54.22900
12-05-2016,54.48200
11-05-2016,54.00600
10-05-2016,53.87100
09-05-2016,53.87700
06-05-2016,53.36600
05-05-2016,53.25500
04-05-2016,53.20800
03-05-2016,53.53200
02-05-2016,53.67600
29-04-2016,53.38900
28-04-2016,53.41500
27-04-2016,54.01500
26-04-2016,53.93500
25-04-2016,53.70200
22-04-2016,53.75400
21-04-2016,53.87600
20-04-2016,54.12200
18-04-2016,54.03300
13-04-2016,53.40100
12-04-2016,52.64600
11-04-2016,52.33500
08-04-2016,51.96300
07-04-2016,51.58400
06-04-2016,51.63000
05-04-2016,51.39000
04-04-2016,52.03600
01-04-2016,51.94200
31-03-2016,52.06200
30-03-2016,51.58800
29-03-2016,50.67000
28-03-2016,50.57000
23-03-2016,51.11600
22-03-2016,51.06200
21-03-2016,51.12200
18-03-2016,50.28400
17-03-2016,49.71800
16-03-2016,49.26000
15-03-2016,49.20300
14-03-2016,49.28800
11-03-2016,49.01400
10-03-2016,48.81000
09-03-2016,48.88500
08-03-2016,48.77600
04-03-2016,48.80100
03-03-2016,48.44300
02-03-2016,48.05200
01-03-2016,47.04900
29-02-2016,45.54200
26-02-2016,45.54400
25-02-2016,45.49500
24-02-2016,45.95300
23-02-2016,46.47000
22-02-2016,47.01200
19-02-2016,46.93700
18-02-2016,46.95400
17-02-2016,46.71700
16-02-2016,46.43000
15-02-2016,47.24800
12-02-2016,45.73600
11-02-2016,46.35600
10-02-2016,47.77800
09-02-2016,48.24500
08-02-2016,48.98400
05-02-2016,49.12000
04-02-2016,48.57900
03-02-2016,48.80900
02-02-2016,49.55200
01-02-2016,50.15200
29-01-2016,49.94300
28-01-2016,49.25000
27-01-2016,49.51500
25-01-2016,49.27100
22-01-2016,48.99300
21-01-2016,47.88700
20-01-2016,47.58300
19-01-2016,48.60700
18-01-2016,48.06500
15-01-2016,49.62600
14-01-2016,50.74800
13-01-2016,51.35700
12-01-2016,51.76800
11-01-2016,52.25900
08-01-2016,52.72000
07-01-2016,52.24700
06-01-2016,53.57000
05-01-2016,53.59200
04-01-2016,53.38700
01-01-2016,54.04800
31-12-2015,53.61100
30-12-2015,53.52000
29-12-2015,53.52700
28-12-2015,53.53300
24-12-2015,53.31500
23-12-2015,53.12400
22-12-2015,52.60500
21-12-2015,52.74500
18-12-2015,52.23000
17-12-2015,52.47900
16-12-2015,51.83500
15-12-2015,51.59000
14-12-2015,51.33300
11-12-2015,51.37400
10-12-2015,51.86000
09-12-2015,51.62300
08-12-2015,52.32500
07-12-2015,52.75900
04-12-2015,52.58300
03-12-2015,53.01400
02-12-2015,53.16400
01-12-2015,53.29500
30-11-2015,53.26800
27-11-2015,53.24200
26-11-2015,52.93400
24-11-2015,52.94400
23-11-2015,52.93000
20-11-2015,52.88300
19-11-2015,52.58500
18-11-2015,51.84700
17-11-2015,52.36300
16-11-2015,51.97500
13-11-2015,51.92700
10-11-2015,51.81600
09-11-2015,52.28200
06-11-2015,52.07100
05-11-2015,51.96900
04-11-2015,52.52400
03-11-2015,52.56600
02-11-2015,52.33300
30-10-2015,52.40200
29-10-2015,52.45300
28-10-2015,52.65200
27-10-2015,52.98200
26-10-2015,53.05000
23-10-2015,53.29700
21-10-2015,53.44200
20-10-2015,53.80500
19-10-2015,53.81500
16-10-2015,53.52800
15-10-2015,53.37300
14-10-2015,53.11500
13-10-2015,52.96900
12-10-2015,52.87200
09-10-2015,52.84500
08-10-2015,52.85400
07-10-2015,53.20300
06-10-2015,53.24400
05-10-2015,53.28000
01-10-2015,52.57400
30-09-2015,52.34500
29-09-2015,51.77300
28-09-2015,51.75000
24-09-2015,51.72800
23-09-2015,51.65600
22-09-2015,51.39100
21-09-2015,52.31900
18-09-2015,51.95200
16-09-2015,51.55600
15-09-2015,51.51200
14-09-2015,51.72300
11-09-2015,51.18100
10-09-2015,50.91700
09-09-2015,51.17800
08-09-2015,50.59300
07-09-2015,50.03900
04-09-2015,51.08900
03-09-2015,52.09500
02-09-2015,51.53200
01-09-2015,51.53400
31-08-2015,52.49800
28-08-2015,52.48300
27-08-2015,52.26300
26-08-2015,51.03600
25-08-2015,51.26600
24-08-2015,50.84800
21-08-2015,54.56200
20-08-2015,54.95000
19-08-2015,55.79400
18-08-2015,55.62700
17-08-2015,55.28200
14-08-2015,54.97200
13-08-2015,53.91200
12-08-2015,54.18700
11-08-2015,55.20500
10-08-2015,55.61500
07-08-2015,55.65300
06-08-2015,55.62500
05-08-2015,55.81600
04-08-2015,55.33700
03-08-2015,55.05200
31-07-2015,54.89300
30-07-2015,54.31500
29-07-2015,53.88600
28-07-2015,53.56100
27-07-2015,53.39100
24-07-2015,54.00100
23-07-2015,54.31600
22-07-2015,53.97600
21-07-2015,53.68400
20-07-2015,54.59400
17-07-2015,54.62600
16-07-2015,54.31000
15-07-2015,53.69500
14-07-2015,53.73400
13-07-2015,53.60200
10-07-2015,52.99700
09-07-2015,52.83800
08-07-2015,52.87900
07-07-2015,53.69400
06-07-2015,53.38700
03-07-2015,53.00200
02-07-2015,52.97400
01-07-2015,52.65900
30-06-2015,51.94200
29-06-2015,51.34400
26-06-2015,52.08300
25-06-2015,51.95100
24-06-2015,51.83900
23-06-2015,52.14200
22-06-2015,51.78500
19-06-2015,50.91300
18-06-2015,50.67500
17-06-2015,50.18200
16-06-2015,49.38000
15-06-2015,49.36700
12-06-2015,49.35100
11-06-2015,49.29600
10-06-2015,50.07100
09-06-2015,49.56600
08-06-2015,49.75100
05-06-2015,50.29200
04-06-2015,50.24600
03-06-2015,50.10300
02-06-2015,50.65700
01-06-2015,51.59600
29-05-2015,51.64300
28-05-2015,51.16100
27-05-2015,51.33800
26-05-2015,51.20700
25-05-2015,51.10500
22-05-2015,51.25800
21-05-2015,51.05300
20-05-2015,50.96400
19-05-2015,51.00300
18-05-2015,50.90800
15-05-2015,50.66400
14-05-2015,50.06800
13-05-2015,49.71300
12-05-2015,48.97100
11-05-2015,49.89000
08-05-2015,49.27100
07-05-2015,48.59800
06-05-2015,49.45000
05-05-2015,50.89400
04-05-2015,50.63300
30-04-2015,50.12400
29-04-2015,50.01800
28-04-2015,49.49700
27-04-2015,48.80300
24-04-2015,50.05200
23-04-2015,50.94000
22-04-2015,50.81200
21-04-2015,50.81500
20-04-2015,51.12200
17-04-2015,52.08800
16-04-2015,52.84400
15-04-2015,53.20100
13-04-2015,53.35500
10-04-2015,53.33300
09-04-2015,53.29500
08-04-2015,52.92200
07-04-2015,52.62200
06-04-2015,52.41200
01-04-2015,51.93500
31-03-2015,51.15900
30-03-2015,50.99000
27-03-2015,50.12200
26-03-2015,50.03200
25-03-2015,50.52200
24-03-2015,50.68200
23-03-2015,51.08100
20-03-2015,51.44800
19-03-2015,52.19100
18-03-2015,52.64900
17-03-2015,52.58700
16-03-2015,51.96800
13-03-2015,52.07700
12-03-2015,52.55900
11-03-2015,52.15900
10-03-2015,52.24300
09-03-2015,52.33600
05-03-2015,53.01500
04-03-2015,52.70400
03-03-2015,53.34400
02-03-2015,52.84700
27-02-2015,51.84900
26-02-2015,50.99100
25-02-2015,51.42700
24-02-2015,51.58600
23-02-2015,51.74900
20-02-2015,52.12400
19-02-2015,51.98300
18-02-2015,51.93100
16-02-2015,51.45300
13-02-2015,51.70300
12-02-2015,51.10000
11-02-2015,50.54000
10-02-2015,49.99700
09-02-2015,49.56700
06-02-2015,50.10100
05-02-2015,50.55600
04-02-2015,50.99100
03-02-2015,51.33600
02-02-2015,51.49500
30-01-2015,51.52200
29-01-2015,52.08300
28-01-2015,52.18400
27-01-2015,52.01300
23-01-2015,51.93600
22-01-2015,52.10800
21-01-2015,51.89300
20-01-2015,51.94400
19-01-2015,51.55200
16-01-2015,51.29400
15-01-2015,51.15100
14-01-2015,50.55200
13-01-2015,50.47600
12-01-2015,50.46500
09-01-2015,50.06300
08-01-2015,49.81700
07-01-2015,48.92200
06-01-2015,49.03300
05-01-2015,50.33700
02-01-2015,50.48400
01-01-2015,50.01400
31-12-2014,49.93400
30-12-2014,49.54100
29-12-2014,49.29100
26-12-2014,48.87100
24-12-2014,48.65000
23-12-2014,48.59300
22-12-2014,48.55400
19-12-2014,48.23200
18-12-2014,47.75700
17-12-2014,46.49900
16-12-2014,46.78100
15-12-2014,47.83700
12-12-2014,47.93000
11-12-2014,48.36600
10-12-2014,48.68700
09-12-2014,48.20000
08-12-2014,48.74600
05-12-2014,49.26200
04-12-2014,49.38000
03-12-2014,49.30300
02-12-2014,48.67600
01-12-2014,48.46700
28-11-2014,48.44600
27-11-2014,47.89300
26-11-2014,47.53500
25-11-2014,47.52300
24-11-2014,48.17400
21-11-2014,48.15900
20-11-2014,47.80100
19-11-2014,48.00400
18-11-2014,48.31600
17-11-2014,48.14600
14-11-2014,47.65200
13-11-2014,47.46400
12-11-2014,47.42800
11-11-2014,47.06700
10-11-2014,46.86300
07-11-2014,46.77000
05-11-2014,46.57400
03-11-2014,46.27200
31-10-2014,45.93600
30-10-2014,45.19200
29-10-2014,44.72800
28-10-2014,44.45700
27-10-2014,44.29900
22-10-2014,44.15500
21-10-2014,43.68700
20-10-2014,43.38000
17-10-2014,42.95000
16-10-2014,42.63600
14-10-2014,43.65200
13-10-2014,43.55100
10-10-2014,43.22000
09-10-2014,43.82800
08-10-2014,43.25200
07-10-2014,43.27200
01-10-2014,43.83200
30-09-2014,43.94200
29-09-2014,43.82300
26-09-2014,43.37900
25-09-2014,42.95500
24-09-2014,43.77400
23-09-2014,44.10300
22-09-2014,44.86800
19-09-2014,44.81700
18-09-2014,44.80400
17-09-2014,44.14400
16-09-2014,43.94000
15-09-2014,45.35100
12-09-2014,45.14400
11-09-2014,45.00000
10-09-2014,44.47400
09-09-2014,44.43500
08-09-2014,44.31900
05-09-2014,43.59300
04-09-2014,43.41000
03-09-2014,43.37900
02-09-2014,42.89000
01-09-2014,42.56200
28-08-2014,41.81300
27-08-2014,41.90200
26-08-2014,41.50600
25-08-2014,41.47800
22-08-2014,41.72000
21-08-2014,41.48300
20-08-2014,41.21200
19-08-2014,41.24400
18-08-2014,40.65200
14-08-2014,39.82000
13-08-2014,39.45700
12-08-2014,39.85400
11-08-2014,39.60300
08-08-2014,39.28100
07-08-2014,40.01500
06-08-2014,40.17200
05-08-2014,40.24100
04-08-2014,39.90800
01-08-2014,39.49800
31-07-2014,39.73400
30-07-2014,39.72500
28-07-2014,39.27300
25-07-2014,39.35100
24-07-2014,39.73500
23-07-2014,39.88100
22-07-2014,39.84700
21-07-2014,39.77900
18-07-2014,39.59000
17-07-2014,39.58500
16-07-2014,39.14600
15-07-2014,38.67300
14-07-2014,38.08300
11-07-2014,38.17000
10-07-2014,38.96700
09-07-2014,38.85400
08-07-2014,39.19100
07-07-2014,40.39800
04-07-2014,40.44900
03-07-2014,40.25700
02-07-2014,40.22700
01-07-2014,39.54700
30-06-2014,39.40700
27-06-2014,38.67700
26-06-2014,38.42600
25-06-2014,38.51400
24-06-2014,38.50900
23-06-2014,37.99100
20-06-2014,37.61800
19-06-2014,37.99800
18-06-2014,38.20600
17-06-2014,38.25700
16-06-2014,37.56000
13-06-2014,37.52500
12-06-2014,38.20200
11-06-2014,37.92600
10-06-2014,38.13800
09-06-2014,38.11100
06-06-2014,37.68000
05-06-2014,37.21300
04-06-2014,36.94000
03-06-2014,36.32200
02-06-2014,36.15500
30-05-2014,35.61700
29-05-2014,35.74800
28-05-2014,35.91200
27-05-2014,35.55600
26-05-2014,35.61600
23-05-2014,36.19600
22-05-2014,35.64300
21-05-2014,35.02000
20-05-2014,34.67200
19-05-2014,34.05300
16-05-2014,33.27300
15-05-2014,32.73000
14-05-2014,33.08200
13-05-2014,32.88100
12-05-2014,32.43900
09-05-2014,32.18100
08-05-2014,31.71400
07-05-2014,31.56400
06-05-2014,31.62100
05-05-2014,31.53300
02-05-2014,31.52900
30-04-2014,31.48700
29-04-2014,31.80400
28-04-2014,31.84800
25-04-2014,31.88100
23-04-2014,31.91600
22-04-2014,31.76400
21-04-2014,31.76800
17-04-2014,31.56600
16-04-2014,31.22400
15-04-2014,31.43400
11-04-2014,31.54500
10-04-2014,31.44000
09-04-2014,31.44200
07-04-2014,31.01900
04-04-2014,31.14200
03-04-2014,31.07000
02-04-2014,31.25100
01-04-2014,30.76800
31-03-2014,30.88900
28-03-2014,30.65600
27-03-2014,30.21300
26-03-2014,30.08900
25-03-2014,29.97300
24-03-2014,29.91300
21-03-2014,29.62500
20-03-2014,29.50900
19-03-2014,29.46500
18-03-2014,29.38000
14-03-2014,29.14100
13-03-2014,29.18800
12-03-2014,29.30600
11-03-2014,29.40500
10-03-2014,29.40100
07-03-2014,29.18800
06-03-2014,29.04100
05-03-2014,28.64900
04-03-2014,28.36300
03-03-2014,28.05600
28-02-2014,28.10400
26-02-2014,27.86000
25-02-2014,27.86900
24-02-2014,27.80300
21-02-2014,27.60200
20-02-2014,27.27100
19-02-2014,27.38500
18-02-2014,27.23100
17-02-2014,27.09500
14-02-2014,27.12100
13-02-2014,27.05900
12-02-2014,27.42200
11-02-2014,27.40300
10-02-2014,27.40400
07-02-2014,27.42000
06-02-2014,27.24300
05-02-2014,27.29300
04-02-2014,27.18800
03-02-2014,27.16300
31-01-2014,27.32200
30-01-2014,26.78500
29-01-2014,27.08300
28-01-2014,27.18800
27-01-2014,27.32400
24-01-2014,27.95400
23-01-2014,28.34300
22-01-2014,28.33500
21-01-2014,28.23800
20-01-2014,28.06400
17-01-2014,27.89900
16-01-2014,28.31100
15-01-2014,28.33300
14-01-2014,28.28400
13-01-2014,28.32700
10-01-2014,28.29100
09-01-2014,28.48100
08-01-2014,28.64400
07-01-2014,28.47900
06-01-2014,28.56600
03-01-2014,28.55600
02-01-2014,28.45900
01-01-2014,28.78000
31-12-2013,28.69400
30-12-2013,28.53700
27-12-2013,28.49600
26-12-2013,28.34400
24-12-2013,28.36700
23-12-2013,28.20000
20-12-2013,27.94000
19-12-2013,27.47200
18-12-2013,27.62700
17-12-2013,27.32500
16-12-2013,27.20800
13-12-2013,27.18100
12-12-2013,27.46100
11-12-2013,27.60200
10-12-2013,27.60000
09-12-2013,27.74800
06-12-2013,27.44000
05-12-2013,27.29500
04-12-2013,27.19900
03-12-2013,27.27200
02-12-2013,27.22000
29-11-2013,27.04600
28-11-2013,26.81800
27-11-2013,26.62200
26-11-2013,26.66100
25-11-2013,26.68300
22-11-2013,26.45100
21-11-2013,26.31900
20-11-2013,26.55100
19-11-2013,26.72000
18-11-2013,26.58700
14-11-2013,26.21900
13-11-2013,25.88000
12-11-2013,26.04700
11-11-2013,26.20200
08-11-2013,26.45500
07-11-2013,26.55900
06-11-2013,26.82800
05-11-2013,26.86300
01-11-2013,26.56500
31-10-2013,26.33700
30-10-2013,26.02600
29-10-2013,25.87400
28-10-2013,25.50700
25-10-2013,25.75700
24-10-2013,25.87900
23-10-2013,25.87200
22-10-2013,25.89900
21-10-2013,25.78500
18-10-2013,25.41500
17-10-2013,25.05500
15-10-2013,25.09200
14-10-2013,25.29800
11-10-2013,25.16100
10-10-2013,25.07400
09-10-2013,24.92700
08-10-2013,24.67900
07-10-2013,24.58400
04-10-2013,24.39000
03-10-2013,24.33000
01-10-2013,23.86200
30-09-2013,23.65000
27-09-2013,23.74300
26-09-2013,23.60700
25-09-2013,23.53500
24-09-2013,23.54500
23-09-2013,23.51600
20-09-2013,23.87600
19-09-2013,24.12200
18-09-2013,23.53700
17-09-2013,23.32600
16-09-2013,23.36600
13-09-2013,23.39100
12-09-2013,23.30600
11-09-2013,23.43100
10-09-2013,23.14700
06-09-2013,22.76000
05-09-2013,22.66000
04-09-2013,22.04300
03-09-2013,21.68100
02-09-2013,22.20300
30-08-2013,21.99500
29-08-2013,21.80900
28-08-2013,21.46700
27-08-2013,21.80500
26-08-2013,22.42500
23-08-2013,22.40800
22-08-2013,22.18000
21-08-2013,22.07400
20-08-2013,22.24500
19-08-2013,22.29800
16-08-2013,22.83800
14-08-2013,23.60000
13-08-2013,23.50900
12-08-2013,23.22700
08-08-2013,22.91000
07-08-2013,22.63600
06-08-2013,22.46300
05-08-2013,23.13100
02-08-2013,23.08800
01-08-2013,23.29900
31-07-2013,23.55600
30-07-2013,23.52900
29-07-2013,24.20200
26-07-2013,24.39000
25-07-2013,24.69600
24-07-2013,24.98800
23-07-2013,25.59600
22-07-2013,25.52400
19-07-2013,25.39000
18-07-2013,25.52100
17-07-2013,25.20400
16-07-2013,25.39400
15-07-2013,25.89300
12-07-2013,25.62300
11-07-2013,25.63500
10-07-2013,25.39000
09-07-2013,25.41200
08-07-2013,25.23200
05-07-2013,25.35900
04-07-2013,25.37800
03-07-2013,25.30500
02-07-2013,25.75700
01-07-2013,25.95100
28-06-2013,25.64000
27-06-2013,25.11100
26-06-2013,25.10000
25-06-2013,25.28300
24-06-2013,25.22100
21-06-2013,25.82500
20-06-2013,25.99300
19-06-2013,26.41700
18-06-2013,26.25800
17-06-2013,26.29600
14-06-2013,26.19900
13-06-2013,25.85700
12-06-2013,26.24700
11-06-2013,26.34100
10-06-2013,26.82900
07-06-2013,27.12000
06-06-2013,27.32200
05-06-2013,27.33200
04-06-2013,27.29300
03-06-2013,27.23100
31-05-2013,27.02700
30-05-2013,27.38500
29-05-2013,27.47000
28-05-2013,27.58500
27-05-2013,27.46500
24-05-2013,27.30300
23-05-2013,27.15600
22-05-2013,27.66300
21-05-2013,27.89800
20-05-2013,28.05600
17-05-2013,28.22800
16-05-2013,28.06900
15-05-2013,27.95300
14-05-2013,27.41500
13-05-2013,27.34100
10-05-2013,27.56300
09-05-2013,27.50700
08-05-2013,27.57700
07-05-2013,27.64800
06-05-2013,27.40600
03-05-2013,27.15700
02-05-2013,27.26500
30-04-2013,27.08000
29-04-2013,26.93200
26-04-2013,26.74700
25-04-2013,26.76900
23-04-2013,26.58600
22-04-2013,26.68500
18-04-2013,26.39300
17-04-2013,26.06800
16-04-2013,26.02600
15-04-2013,25.56600
12-04-2013,25.49600
11-04-2013,25.48100
10-04-2013,25.44700
09-04-2013,25.36000
08-04-2013,25.64600
05-04-2013,25.76400
04-04-2013,25.80700
03-04-2013,26.30300
02-04-2013,26.58200
01-04-2013,26.22800
28-03-2013,26.01400
26-03-2013,25.65600
25-03-2013,25.68400
22-03-2013,25.71100
21-03-2013,25.72900
20-03-2013,26.02800
19-03-2013,26.57800
18-03-2013,27.00200
15-03-2013,27.11600
14-03-2013,27.27800
13-03-2013,27.14700
12-03-2013,27.48400
11-03-2013,27.60300
08-03-2013,27.53600
07-03-2013,27.39600
06-03-2013,27.27000
05-03-2013,27.03300
04-03-2013,26.63300
01-03-2013,26.97900
28-02-2013,26.75500
27-02-2013,27.41700
26-02-2013,27.26000
25-02-2013,27.70000
22-02-2013,27.86600
21-02-2013,27.96200
20-02-2013,28.48500
19-02-2013,28.48200
18-02-2013,28.17900
15-02-2013,28.14000
14-02-2013,28.08600
13-02-2013,28.50300
12-02-2013,28.57400
11-02-2013,28.52100
08-02-2013,28.55000
07-02-2013,28.71400
06-02-2013,28.90800
05-02-2013,28.94300
04-02-2013,29.10900
01-02-2013,29.47500
31-01-2013,29.47400
30-01-2013,29.33100
29-01-2013,29.42800
28-01-2013,29.57600
25-01-2013,29.67000
24-01-2013,29.30100
23-01-2013,29.79000
22-01-2013,29.95800
21-01-2013,30.08400
18-01-2013,30.09600
17-01-2013,30.23800
16-01-2013,30.22900
15-01-2013,30.57600
14-01-2013,30.56100
11-01-2013,30.29200
10-01-2013,30.59300
09-01-2013,30.74700
08-01-2013,30.81100
07-01-2013,30.73700
04-01-2013,30.70800
03-01-2013,30.54000
02-01-2013,30.51500
01-01-2013,30.42400
31-12-2012,30.17600
28-12-2012,29.97200
27-12-2012,29.74500
26-12-2012,29.80100
24-12-2012,29.58800
21-12-2012,29.52000
20-12-2012,29.87000
19-12-2012,29.97200
18-12-2012,29.84600
17-12-2012,29.72000
14-12-2012,29.65600
13-12-2012,29.42500
12-12-2012,29.69300
11-12-2012,29.66200
10-12-2012,29.80600
07-12-2012,29.73400
06-12-2012,29.68900
05-12-2012,29.48100
04-12-2012,29.30100
03-12-2012,29.29600
30-11-2012,29.04100
29-11-2012,28.82500
27-11-2012,28.63700
26-11-2012,28.28600
23-11-2012,27.84800
22-11-2012,27.77400
21-11-2012,27.62500
20-11-2012,27.50700
19-11-2012,27.68200
16-11-2012,27.90300
15-11-2012,28.03400
12-11-2012,27.94300
09-11-2012,27.85600
08-11-2012,28.03200
07-11-2012,28.00100
06-11-2012,27.78700
05-11-2012,27.73800
02-11-2012,27.81400
01-11-2012,27.60900
31-10-2012,27.41600
30-10-2012,27.15300
29-10-2012,27.48100
26-10-2012,27.50100
25-10-2012,27.68400
23-10-2012,27.48900
22-10-2012,27.53600
19-10-2012,27.47600
18-10-2012,27.61700
17-10-2012,27.32300
16-10-2012,27.26200
15-10-2012,27.52700
12-10-2012,27.52500
11-10-2012,27.48100
10-10-2012,27.24000
09-10-2012,27.45900
08-10-2012,27.41800
05-10-2012,27.53500
04-10-2012,27.77000
03-10-2012,27.62300
01-10-2012,27.57300
28-09-2012,27.36800
27-09-2012,27.04200
26-09-2012,26.96900
25-09-2012,26.92400
24-09-2012,26.68300
21-09-2012,26.60800
20-09-2012,26.17000
18-09-2012,26.27700
17-09-2012,26.02200
14-09-2012,25.69400
13-09-2012,25.48100
12-09-2012,25.46100
11-09-2012,25.39100
10-09-2012,25.35600
07-09-2012,25.20200
06-09-2012,24.91100
05-09-2012,24.81300
04-09-2012,24.93100
03-09-2012,24.83000
31-08-2012,24.70700
30-08-2012,24.71600
29-08-2012,24.60200
28-08-2012,24.72600
27-08-2012,24.98900
24-08-2012,25.14300
23-08-2012,25.19100
22-08-2012,25.13600
21-08-2012,25.23200
17-08-2012,25.13700
16-08-2012,25.17000
14-08-2012,25.11800
13-08-2012,25.01500
10-08-2012,24.87400
09-08-2012,24.87000
08-08-2012,24.96700
07-08-2012,24.97500
06-08-2012,24.84000
03-08-2012,24.71900
02-08-2012,24.76300
01-08-2012,24.73300
31-07-2012,24.57900
30-07-2012,24.48200
27-07-2012,24.10100
26-07-2012,24.31900
25-07-2012,24.57900
24-07-2012,24.63400
23-07-2012,24.56000
20-07-2012,24.91300
19-07-2012,24.92200
18-07-2012,24.83500
17-07-2012,24.78100
16-07-2012,24.90300
13-07-2012,24.94700
12-07-2012,25.01600
11-07-2012,25.14100
10-07-2012,25.15100
09-07-2012,24.96700
06-07-2012,25.18300
05-07-2012,25.22100
04-07-2012,24.98000
03-07-2012,24.87400
02-07-2012,24.76100
29-06-2012,24.59500
28-06-2012,24.18000
27-06-2012,24.20200
26-06-2012,24.18600
25-06-2012,24.08800
22-06-2012,24.09500
21-06-2012,24.10500
20-06-2012,23.83400
19-06-2012,23.59100
18-06-2012,23.48100
15-06-2012,23.75300
14-06-2012,23.58300
13-06-2012,23.85900
12-06-2012,23.87600
11-06-2012,23.68400
08-06-2012,23.76800
07-06-2012,23.62900
06-06-2012,23.42300
05-06-2012,22.98600
04-06-2012,22.87100
01-06-2012,22.92700
31-05-2012,23.35700
30-05-2012,23.22600
29-05-2012,23.51100
28-05-2012,23.55900
25-05-2012,23.33100
24-05-2012,23.31400
23-05-2012,23.07600
22-05-2012,23.19700
21-05-2012,23.32900
18-05-2012,23.18100
17-05-2012,23.16900
16-05-2012,23.27300
15-05-2012,23.51400
14-05-2012,23.43200
11-05-2012,23.64100
10-05-2012,23.79100
09-05-2012,23.76800
08-05-2012,23.92000
07-05-2012,24.21300
04-05-2012,24.09000
03-05-2012,24.44300
02-05-2012,24.69700
30-04-2012,24.76100
27-04-2012,24.48800
26-04-2012,24.54900
25-04-2012,24.62700
24-04-2012,24.76800
23-04-2012,24.79800
20-04-2012,25.13600
19-04-2012,25.29400
18-04-2012,25.26600
17-04-2012,25.11100
16-04-2012,24.89400
13-04-2012,24.73400
12-04-2012,24.93500
11-04-2012,24.76200
10-04-2012,24.88000
09-04-2012,24.92200
04-04-2012,25.21100
03-04-2012,25.15400
02-04-2012,24.86400
30-03-2012,24.71500
29-03-2012,24.14900
28-03-2012,24.01100
27-03-2012,24.21200
26-03-2012,24.19700
23-03-2012,24.42400
22-03-2012,24.31600
21-03-2012,24.74400
20-03-2012,24.29600
19-03-2012,24.15200
16-03-2012,24.34100
15-03-2012,24.61500
14-03-2012,24.92300
13-03-2012,24.80900
12-03-2012,24.55700
09-03-2012,24.35200
07-03-2012,23.84400
06-03-2012,23.87400
05-03-2012,23.95500
02-03-2012,24.13600
01-03-2012,24.08500
29-02-2012,24.26900
28-02-2012,23.96600
27-02-2012,23.31600
24-02-2012,23.89500
23-02-2012,24.00400
22-02-2012,24.15900
21-02-2012,24.84500
17-02-2012,24.75100
16-02-2012,24.66200
15-02-2012,24.66300
14-02-2012,24.27800
13-02-2012,24.04600
10-02-2012,24.03200
09-02-2012,23.84300
08-02-2012,23.57800
07-02-2012,23.40500
06-02-2012,23.54700
03-02-2012,23.27000
02-02-2012,23.10600
01-02-2012,22.94800
31-01-2012,22.62300
30-01-2012,22.13200
27-01-2012,22.59200
25-01-2012,22.36800
24-01-2012,22.09400
23-01-2012,21.82900
20-01-2012,21.88100
19-01-2012,21.80200
18-01-2012,21.57900
17-01-2012,21.70300
16-01-2012,21.44300
13-01-2012,21.44600
12-01-2012,21.14200
11-01-2012,21.09300
10-01-2012,20.93200
09-01-2012,20.53000
06-01-2012,20.37500
05-01-2012,20.43900
04-01-2012,20.43000
03-01-2012,20.41200
02-01-2012,19.99100
30-12-2011,20.08600
29-12-2011,19.95000
28-12-2011,20.05000
27-12-2011,20.27400
26-12-2011,20.42000
23-12-2011,20.30500
22-12-2011,20.37800
21-12-2011,20.24900
20-12-2011,19.94800
19-12-2011,20.29100
16-12-2011,20.79700
15-12-2011,21.15500
14-12-2011,21.26800
13-12-2011,21.41400
12-12-2011,21.50800
09-12-2011,21.89300
08-12-2011,22.03800
07-12-2011,22.36000
05-12-2011,22.32100
02-12-2011,22.34400
01-12-2011,22.03400
30-11-2011,21.88200
29-11-2011,21.91100
28-11-2011,22.05700
25-11-2011,21.79600
24-11-2011,21.68100
23-11-2011,21.41100
22-11-2011,21.78900
21-11-2011,21.79300
18-11-2011,22.09100
17-11-2011,22.24900
16-11-2011,22.45100
15-11-2011,22.69300
14-11-2011,23.18400
11-11-2011,23.48800
09-11-2011,23.68000
08-11-2011,23.95200
04-11-2011,23.95600
03-11-2011,23.82500
02-11-2011,23.74000
01-11-2011,23.69700
31-10-2011,23.72900
28-10-2011,23.66200
25-10-2011,23.17000
24-10-2011,23.08900
21-10-2011,23.23300
20-10-2011,23.39300
19-10-2011,23.55700
18-10-2011,23.24700
17-10-2011,23.49700
14-10-2011,23.50400
13-10-2011,23.31400
12-10-2011,23.28200
11-10-2011,22.97700
10-10-2011,22.83900
07-10-2011,22.61400
05-10-2011,22.34500
04-10-2011,22.61200
03-10-2011,22.83800
30-09-2011,23.12900
29-09-2011,23.28800
28-09-2011,23.23300
27-09-2011,23.41400
26-09-2011,23.10200
23-09-2011,23.32900
22-09-2011,23.55500
21-09-2011,24.10900
20-09-2011,23.91900
19-09-2011,23.75000
16-09-2011,23.81200
15-09-2011,23.79600
14-09-2011,23.65900
13-09-2011,23.62600
12-09-2011,23.69400
09-09-2011,24.09700
08-09-2011,24.30100
07-09-2011,24.30800
06-09-2011,24.00000
05-09-2011,23.87000
02-09-2011,23.83200
30-08-2011,23.76800
29-08-2011,23.40000
26-08-2011,22.97100
25-08-2011,23.46500
24-08-2011,23.64000
23-08-2011,23.75400
22-08-2011,23.55100
19-08-2011,23.31500
18-08-2011,23.63400
17-08-2011,24.11200
16-08-2011,24.29600
12-08-2011,24.59600
11-08-2011,24.64100
10-08-2011,24.61500
09-08-2011,24.08300
08-08-2011,24.32500
05-08-2011,24.60700
04-08-2011,24.99900
03-08-2011,25.16400
02-08-2011,25.30800
01-08-2011,25.57400
29-07-2011,25.66100
28-07-2011,25.78700
27-07-2011,25.94700
26-07-2011,25.98300
25-07-2011,26.17000
22-07-2011,26.04100
21-07-2011,25.74600
20-07-2011,25.89200
19-07-2011,26.11500
18-07-2011,26.10000
15-07-2011,26.01600
14-07-2011,25.99000
13-07-2011,25.76500
12-07-2011,25.43800
11-07-2011,25.69400
08-07-2011,25.68800
07-07-2011,25.85300
06-07-2011,25.66100
05-07-2011,25.51700
04-07-2011,25.55300
01-07-2011,25.38500
30-06-2011,25.18700
29-06-2011,25.11400
28-06-2011,24.98200
27-06-2011,24.91000
24-06-2011,24.64300
23-06-2011,24.17800
22-06-2011,24.23200
21-06-2011,24.39500
20-06-2011,24.46300
17-06-2011,24.97300
16-06-2011,25.12000
15-06-2011,25.25200
14-06-2011,25.35300
13-06-2011,25.17800
10-06-2011,25.05900
09-06-2011,25.05400
08-06-2011,25.08400
07-06-2011,25.09600
06-06-2011,24.98200
03-06-2011,24.91500
02-06-2011,24.96100
01-06-2011,25.23000
31-05-2011,25.09100
30-05-2011,24.76900
27-05-2011,24.57400
26-05-2011,24.26800
25-05-2011,24.26200
24-05-2011,24.34300
23-05-2011,24.26400
20-05-2011,24.48400
19-05-2011,24.31700
18-05-2011,24.38600
17-05-2011,24.46300
16-05-2011,24.57500
13-05-2011,24.79800
12-05-2011,24.55500
11-05-2011,24.81700
10-05-2011,24.73300
09-05-2011,24.69900
06-05-2011,24.70800
05-05-2011,24.33200
04-05-2011,24.46700
03-05-2011,24.64100
02-05-2011,25.14700
29-04-2011,25.29600
28-04-2011,25.53300
27-04-2011,25.61000
26-04-2011,25.56500
25-04-2011,25.54100
21-04-2011,25.46600
20-04-2011,25.45700
19-04-2011,25.17500
18-04-2011,25.17200
15-04-2011,25.44300
13-04-2011,25.45400
11-04-2011,25.11400
08-04-2011,25.27300
07-04-2011,25.60600
06-04-2011,25.39400
05-04-2011,25.35500
04-04-2011,25.15700
01-04-2011,24.75600
31-03-2011,24.57700
30-03-2011,24.52700
29-03-2011,24.02200
28-03-2011,23.80500
25-03-2011,23.72800
24-03-2011,23.46600
23-03-2011,23.29000
22-03-2011,23.09500
21-03-2011,22.97100
18-03-2011,22.99400
17-03-2011,23.13100
16-03-2011,23.16300
15-03-2011,22.85700
14-03-2011,23.15500
11-03-2011,22.98200
10-03-2011,23.21700
09-03-2011,23.19800
08-03-2011,23.03500
07-03-2011,22.82500
04-03-2011,23.20800
03-03-2011,23.13000
01-03-2011,23.14600
28-02-2011,22.43100
25-02-2011,22.48300
24-02-2011,22.55500
23-02-2011,23.32900
22-02-2011,23.51800
21-02-2011,23.76900
18-02-2011,23.65900
17-02-2011,24.03500
16-02-2011,23.83500
15-02-2011,23.75000
14-02-2011,23.69200
11-02-2011,22.98400
10-02-2011,22.34700
09-02-2011,22.23900
08-02-2011,22.81300
07-02-2011,23.30300
04-02-2011,23.41600
03-02-2011,23.71100
02-02-2011,23.50400
01-02-2011,23.58900
31-01-2011,24.03400
28-01-2011,23.95100
27-01-2011,24.64300
25-01-2011,25.17100
24-01-2011,25.36100
21-01-2011,25.14300
20-01-2011,25.11100
19-01-2011,25.08800
18-01-2011,25.06600
17-01-2011,25.01400
14-01-2011,25.26900
13-01-2011,25.64700
12-01-2011,25.89200
11-01-2011,25.46900
10-01-2011,25.55700
07-01-2011,26.25200
06-01-2011,26.85800
05-01-2011,27.15400
04-01-2011,27.53200
03-01-2011,27.65400
31-12-2010,27.47700
30-12-2010,27.18400
29-12-2010,26.98900
28-12-2010,26.79100
27-12-2010,26.85000
24-12-2010,26.88300
23-12-2010,26.81200
22-12-2010,26.85100
21-12-2010,26.86200
20-12-2010,26.65400
16-12-2010,26.72800
15-12-2010,26.70600
14-12-2010,27.04600
13-12-2010,26.74300
10-12-2010,26.30100
09-12-2010,25.93700
08-12-2010,26.79300
07-12-2010,27.23200
06-12-2010,27.57600
03-12-2010,27.84200
02-12-2010,28.29100
01-12-2010,28.04600
30-11-2010,27.53500
29-11-2010,27.24600
26-11-2010,27.14600
25-11-2010,27.47800
24-11-2010,27.99700
23-11-2010,28.27300
22-11-2010,28.54400
19-11-2010,28.28000
18-11-2010,28.77800
16-11-2010,28.87100
15-11-2010,29.41300
12-11-2010,29.42100
11-11-2010,30.00600
10-11-2010,30.25900
09-11-2010,30.23400
08-11-2010,30.17100
04-11-2010,29.99100
03-11-2010,29.81900
02-11-2010,29.64800
01-11-2010,29.50400
29-10-2010,29.14700
28-10-2010,29.28700
27-10-2010,29.44100
26-10-2010,29.51100
25-10-2010,29.61000
22-10-2010,29.37500
21-10-2010,29.33400
20-10-2010,28.92100
19-10-2010,28.93800
18-10-2010,28.84100
15-10-2010,28.96600
14-10-2010,29.37500
13-10-2010,29.45900
12-10-2010,29.15400
11-10-2010,29.35800
08-10-2010,29.10400
07-10-2010,29.24800
06-10-2010,29.31900
05-10-2010,29.09200
04-10-2010,28.95200
01-10-2010,28.84000
30-09-2010,28.42300
29-09-2010,28.46500
28-09-2010,28.57000
27-09-2010,28.57200
24-09-2010,28.50900
23-09-2010,28.28400
22-09-2010,28.32300
21-09-2010,28.45800
20-09-2010,28.74800
17-09-2010,28.61200
16-09-2010,28.18200
15-09-2010,28.45000
14-09-2010,28.46600
13-09-2010,28.58000
09-09-2010,28.33200
08-09-2010,28.00600
07-09-2010,27.89100
06-09-2010,27.85500
03-09-2010,27.49700
02-09-2010,27.21300
01-09-2010,27.04100
31-08-2010,26.57900
30-08-2010,26.71500
27-08-2010,26.72100
26-08-2010,26.88200
25-08-2010,26.82600
24-08-2010,27.18700
23-08-2010,27.34000
20-08-2010,27.11300
19-08-2010,27.04200
18-08-2010,26.86900
17-08-2010,26.54900
16-08-2010,26.36300
13-08-2010,26.41600
12-08-2010,26.26700
11-08-2010,26.21200
10-08-2010,26.25900
09-08-2010,26.34700
06-08-2010,26.08700
05-08-2010,26.00100
04-08-2010,26.05400
03-08-2010,25.95000
02-08-2010,25.86800
30-07-2010,25.58300
29-07-2010,25.39400
28-07-2010,25.38100
27-07-2010,25.34200
26-07-2010,25.29000
23-07-2010,25.52000
22-07-2010,25.53800
21-07-2010,25.45500
20-07-2010,25.30900
19-07-2010,25.37800
16-07-2010,25.32900
15-07-2010,25.15400
14-07-2010,25.15300
13-07-2010,25.23500
12-07-2010,25.06300
09-07-2010,24.91400
08-07-2010,24.74600
07-07-2010,24.47900
06-07-2010,24.53700
05-07-2010,24.37700
02-07-2010,24.27000
01-07-2010,24.32600
30-06-2010,24.42100
29-06-2010,24.18600
28-06-2010,24.34500
25-06-2010,24.05300
24-06-2010,24.16600
23-06-2010,24.13600
22-06-2010,23.96100
21-06-2010,24.00800
18-06-2010,23.78600
17-06-2010,23.89600
16-06-2010,23.81300
15-06-2010,23.68200
14-06-2010,23.62400
11-06-2010,23.41200
10-06-2010,23.36300
09-06-2010,23.14500
08-06-2010,23.07600
07-06-2010,23.11200
04-06-2010,23.38700
03-06-2010,23.32100
02-06-2010,23.05500
01-06-2010,22.84400
31-05-2010,23.12000
28-05-2010,22.87900
27-05-2010,22.43800
26-05-2010,22.15700
25-05-2010,21.89900
24-05-2010,22.55500
21-05-2010,22.52500
20-05-2010,22.69200
19-05-2010,22.64100
18-05-2010,23.13800
17-05-2010,23.05900
14-05-2010,23.07300
13-05-2010,23.28900
12-05-2010,23.01400
11-05-2010,22.90400
10-05-2010,23.03900
07-05-2010,22.63700
06-05-2010,23.10700
05-05-2010,23.28200
04-05-2010,23.25700
03-05-2010,23.59000
30-04-2010,23.72700
29-04-2010,23.50900
28-04-2010,23.32600
27-04-2010,23.60800
26-04-2010,23.58800
23-04-2010,23.47300
22-04-2010,23.39300
21-04-2010,23.43900
20-04-2010,23.25600
19-04-2010,22.93500
16-04-2010,23.10300
15-04-2010,23.12000
13-04-2010,23.18300
12-04-2010,23.24900
09-04-2010,23.26500
08-04-2010,23.01700
07-04-2010,23.19300
06-04-2010,23.01800
05-04-2010,22.91900
01-04-2010,22.64400
31-03-2010,22.44800
30-03-2010,22.36700
29-03-2010,22.23700
26-03-2010,22.19300
25-03-2010,22.06400
23-03-2010,22.02600
22-03-2010,21.92700
19-03-2010,22.11700
18-03-2010,22.13900
17-03-2010,22.05800
16-03-2010,21.96300
15-03-2010,21.77100
12-03-2010,21.83800
11-03-2010,21.84000
10-03-2010,21.83600
09-03-2010,21.86500
08-03-2010,22.02200
05-03-2010,21.80300
04-03-2010,21.71200
03-03-2010,21.38200
02-03-2010,21.10700
26-02-2010,20.74900
25-02-2010,20.57200
24-02-2010,20.65500
23-02-2010,20.68500
22-02-2010,20.82400
19-02-2010,20.93800
18-02-2010,21.15400
17-02-2010,21.25500
16-02-2010,21.01600
15-02-2010,20.90600
11-02-2010,21.03500
10-02-2010,20.93000
09-02-2010,20.92100
08-02-2010,20.76400
05-02-2010,20.50300
04-02-2010,20.92900
03-02-2010,21.29200
02-02-2010,20.94300
01-02-2010,21.10900
29-01-2010,20.79400
28-01-2010,20.66500
27-01-2010,20.56100
25-01-2010,21.35800
22-01-2010,21.59900
21-01-2010,21.81500
20-01-2010,22.31100
19-01-2010,22.34000
18-01-2010,22.42400
15-01-2010,22.27600
14-01-2010,22.18900
13-01-2010,22.04900
12-01-2010,22.02000
11-01-2010,22.24200
08-01-2010,22.09400
07-01-2010,22.13400
06-01-2010,22.11000
05-01-2010,21.92500
04-01-2010,21.75500
31-12-2009,21.46600
30-12-2009,21.45300
29-12-2009,21.38300
24-12-2009,21.29000
23-12-2009,21.19400
22-12-2009,20.85600
21-12-2009,20.67700
18-12-2009,20.77200
17-12-2009,20.83100
16-12-2009,20.69700
15-12-2009,20.74300
14-12-2009,20.98200
11-12-2009,21.10600
10-12-2009,21.32500
09-12-2009,21.21000
08-12-2009,21.40900
07-12-2009,21.11500
04-12-2009,21.31000
03-12-2009,21.31900
02-12-2009,21.19100
01-12-2009,21.00800
30-11-2009,20.61000
27-11-2009,20.24800
26-11-2009,20.55700
25-11-2009,20.93900
24-11-2009,20.90200
23-11-2009,20.91400
20-11-2009,20.78100
19-11-2009,20.57000
18-11-2009,20.82700
17-11-2009,20.74200
16-11-2009,20.72500
13-11-2009,20.50000
12-11-2009,20.43700
11-11-2009,20.60600
10-11-2009,20.21400
09-11-2009,20.24400
06-11-2009,19.86600
05-11-2009,19.43800
04-11-2009,19.07600
03-11-2009,18.52300
30-10-2009,19.16700
29-10-2009,19.27000
28-10-2009,19.54200
27-10-2009,19.42000
26-10-2009,20.10500
23-10-2009,20.51300
22-10-2009,20.24400
21-10-2009,20.67100
20-10-2009,21.01200
16-10-2009,20.86900
15-10-2009,20.61200
14-10-2009,20.56800
12-10-2009,20.09600
09-10-2009,19.63400
08-10-2009,19.77300
07-10-2009,19.54700
06-10-2009,19.23900
05-10-2009,19.27500
01-10-2009,19.61500
30-09-2009,19.68800
29-09-2009,19.48900
25-09-2009,19.49200
24-09-2009,19.35400
23-09-2009,19.17200
22-09-2009,19.45800
18-09-2009,19.33800
17-09-2009,19.33400
16-09-2009,19.26700
15-09-2009,18.95500
14-09-2009,18.47500
11-09-2009,18.36800
10-09-2009,18.39700
09-09-2009,18.35200
08-09-2009,18.43600
07-09-2009,18.40600
04-09-2009,18.07300
03-09-2009,17.96500
02-09-2009,17.99200
01-09-2009,18.05200
31-08-2009,18.28500
28-08-2009,18.26600
27-08-2009,18.08600
26-08-2009,18.09900
25-08-2009,17.88900
24-08-2009,17.79800
21-08-2009,17.38700
20-08-2009,17.17200
19-08-2009,17.03500
18-08-2009,17.18800
17-08-2009,16.84400
14-08-2009,17.51900
13-08-2009,17.42700
12-08-2009,16.85900
11-08-2009,16.87600
10-08-2009,16.80600
07-08-2009,17.05600
06-08-2009,17.34700
05-08-2009,17.67300
04-08-2009,17.66400
03-08-2009,17.76600
31-07-2009,17.42900
30-07-2009,17.24900
29-07-2009,17.12100
28-07-2009,17.27800
27-07-2009,17.15800
24-07-2009,17.00200
23-07-2009,16.70400
22-07-2009,16.43600
21-07-2009,16.57500
20-07-2009,16.49700
17-07-2009,16.13700
16-07-2009,15.76700
15-07-2009,15.78700
14-07-2009,15.30000
13-07-2009,14.69400
10-07-2009,15.10200
09-07-2009,15.39500
08-07-2009,15.24500
07-07-2009,15.82200
06-07-2009,15.44100
03-07-2009,16.38600
02-07-2009,16.15400
01-07-2009,16.05600
30-06-2009,15.86300
29-06-2009,16.30300
26-06-2009,16.25900
25-06-2009,15.86200
24-06-2009,15.85100
23-06-2009,15.45500
22-06-2009,15.37500
19-06-2009,15.37700
18-06-2009,15.06500
17-06-2009,15.49300
16-06-2009,16.18200
15-06-2009,15.92400
12-06-2009,16.26900
11-06-2009,16.58800
10-06-2009,16.68700
09-06-2009,16.30300
08-06-2009,15.89900
05-06-2009,16.81700
04-06-2009,16.84800
03-06-2009,16.52600
02-06-2009,16.34400
01-06-2009,16.46900
29-05-2009,16.26000
28-05-2009,15.87400
27-05-2009,15.75500
26-05-2009,15.29700
25-05-2009,15.80400
22-05-2009,15.48600
21-05-2009,15.36500
20-05-2009,15.36000
19-05-2009,14.89600
15-05-2009,12.95400
14-05-2009,12.74800
13-05-2009,12.64400
12-05-2009,12.54400
11-05-2009,12.40600
08-05-2009,12.52500
07-05-2009,12.57700
06-05-2009,12.34900
05-05-2009,12.56400
04-05-2009,12.42900
29-04-2009,12.00300
28-04-2009,11.79000
27-04-2009,12.12800
24-04-2009,12.14000
23-04-2009,11.97500
22-04-2009,11.82400
21-04-2009,11.95200
20-04-2009,12.02300
17-04-2009,11.88100
16-04-2009,11.68400
15-04-2009,12.09000
13-04-2009,11.61700
09-04-2009,11.31000
08-04-2009,11.17700
06-04-2009,11.05500
02-04-2009,11.00500
01-04-2009,10.75400
31-03-2009,10.70900
30-03-2009,10.54800
27-03-2009,10.65700
26-03-2009,10.51700
25-03-2009,10.28100
24-03-2009,10.22400
23-03-2009,10.29700
20-03-2009,10.03400
19-03-2009,10.11600
18-03-2009,10.13400
17-03-2009,10.01700
16-03-2009,10.08200
13-03-2009,9.84000
12-03-2009,9.66000
09-03-2009,9.58700
06-03-2009,9.70600
05-03-2009,9.73000
04-03-2009,9.88300
03-03-2009,9.90400
02-03-2009,10.04200
27-02-2009,10.25100
26-02-2009,10.18100
25-02-2009,10.20800
24-02-2009,10.21100
20-02-2009,10.38000
19-02-2009,10.47900
18-02-2009,10.50400
17-02-2009,10.56300
16-02-2009,10.72300
13-02-2009,10.92900
12-02-2009,10.82400
11-02-2009,10.82900
10-02-2009,10.84900
09-02-2009,10.75500
06-02-2009,10.60700
05-02-2009,10.49200
04-02-2009,10.54600
03-02-2009,10.60000
02-02-2009,10.65400
30-01-2009,10.71900
29-01-2009,10.62800
28-01-2009,10.66500
27-01-2009,10.64600
23-01-2009,10.65700
22-01-2009,10.78600
21-01-2009,10.85400
20-01-2009,11.03200
19-01-2009,11.12600
16-01-2009,11.11300
15-01-2009,11.00000
14-01-2009,11.12600
13-01-2009,10.96400
12-01-2009,11.00000
09-01-2009,11.11700
07-01-2009,11.26700
06-01-2009,11.77000
05-01-2009,11.81000
02-01-2009,11.72900
01-01-2009,11.55200
31-12-2008,11.39200
30-12-2008,11.36600
29-12-2008,11.19700
26-12-2008,11.11600
24-12-2008,11.19700
23-12-2008,11.19400
22-12-2008,11.36300
19-12-2008,11.39600
18-12-2008,11.20100
17-12-2008,11.03800
16-12-2008,11.13200
15-12-2008,10.97500
12-12-2008,10.80800
11-12-2008,10.72500
10-12-2008,10.68300
08-12-2008,10.53500
05-12-2008,10.56400
04-12-2008,10.72500
03-12-2008,10.41500
02-12-2008,10.33100
01-12-2008,10.41400
28-11-2008,10.55600
26-11-2008,10.46200
25-11-2008,10.38900
24-11-2008,10.46500
21-11-2008,10.51400
20-11-2008,10.40100
19-11-2008,10.66900
18-11-2008,10.76000
17-11-2008,10.93500
14-11-2008,11.22800
12-11-2008,11.37800
11-11-2008,11.54600
10-11-2008,11.91700
07-11-2008,11.62000
06-11-2008,11.43100
05-11-2008,11.63900
04-11-2008,11.66000
03-11-2008,11.42100
31-10-2008,10.95900
29-10-2008,10.54700
27-10-2008,10.16200
24-10-2008,10.55200
23-10-2008,11.40100
22-10-2008,11.69800
21-10-2008,12.12800
20-10-2008,11.73300
17-10-2008,11.71200
16-10-2008,12.03500
15-10-2008,12.21100
14-10-2008,12.95100
13-10-2008,12.75900
10-10-2008,12.02500
08-10-2008,13.00000
07-10-2008,13.60300
06-10-2008,13.88200
03-10-2008,14.88500
01-10-2008,15.38500
30-09-2008,15.30000
29-09-2008,15.10700
26-09-2008,15.74300
25-09-2008,16.22400
24-09-2008,16.36300
23-09-2008,16.32600
22-09-2008,16.70800
19-09-2008,16.74500
18-09-2008,16.22500
17-09-2008,16.34000
16-09-2008,16.61400
15-09-2008,16.80100
12-09-2008,17.38200
11-09-2008,17.62400
10-09-2008,17.82100
09-09-2008,17.98500
08-09-2008,18.10800
05-09-2008,17.96700
04-09-2008,18.18000
02-09-2008,18.24400
01-09-2008,17.93300
29-08-2008,17.88800
28-08-2008,17.50100
27-08-2008,17.67900
26-08-2008,17.82100
25-08-2008,17.79800
22-08-2008,17.74200
21-08-2008,17.70200
20-08-2008,18.05000
19-08-2008,17.91900
18-08-2008,18.04300
14-08-2008,18.21800
13-08-2008,18.55000
12-08-2008,18.59200
11-08-2008,18.74900
08-08-2008,18.44100
07-08-2008,18.38700
06-08-2008,18.42000
05-08-2008,18.49400
04-08-2008,18.22400
01-08-2008,17.91200
31-07-2008,17.61500
30-07-2008,17.61400
29-07-2008,17.28800
28-07-2008,17.83500
25-07-2008,17.76700
24-07-2008,17.87400
23-07-2008,18.03000
22-07-2008,17.12500
21-07-2008,16.76700
18-07-2008,16.61000
17-07-2008,16.36300
16-07-2008,15.99500
15-07-2008,16.21400
14-07-2008,16.74400
11-07-2008,16.81800
10-07-2008,17.08100
09-07-2008,17.06200
08-07-2008,16.49800
07-07-2008,16.61400
04-07-2008,16.40700
03-07-2008,15.90300
02-07-2008,16.46600
01-07-2008,15.84200
30-06-2008,16.57600
27-06-2008,17.04700
26-06-2008,17.83500
25-06-2008,17.80500
24-06-2008,17.63200
23-06-2008,18.02600
20-06-2008,18.68500
19-06-2008,19.24800
18-06-2008,19.71200
17-06-2008,19.92100
16-06-2008,19.59800
13-06-2008,19.38100
12-06-2008,19.30700
11-06-2008,19.16700
10-06-2008,18.91100
09-06-2008,19.27800
06-06-2008,19.93100
05-06-2008,20.03300
04-06-2008,19.97000
03-06-2008,20.52300
02-06-2008,20.86000
30-05-2008,21.32100
29-05-2008,21.19300
28-05-2008,21.24100
27-05-2008,21.05100
26-05-2008,21.19900
23-05-2008,21.75200
22-05-2008,21.96900
21-05-2008,22.32300
20-05-2008,22.20900
16-05-2008,22.29100
15-05-2008,22.07700
14-05-2008,21.88100
13-05-2008,21.74500
12-05-2008,21.69900
09-05-2008,21.76300
08-05-2008,22.19700
07-05-2008,22.46900
06-05-2008,22.59300
05-05-2008,22.86700
02-05-2008,22.64000
30-04-2008,22.34400
29-04-2008,22.32800
28-04-2008,22.10400
25-04-2008,21.99100
24-04-2008,21.83000
23-04-2008,21.93700
22-04-2008,21.94700
21-04-2008,21.78700
17-04-2008,21.46300
16-04-2008,21.06300
15-04-2008,20.87000
11-04-2008,20.69000
10-04-2008,20.53800
09-04-2008,20.46000
08-04-2008,20.24400
07-04-2008,20.21400
04-04-2008,19.97300
03-04-2008,20.41300
02-04-2008,20.44100
01-04-2008,20.34700
31-03-2008,20.59200
28-03-2008,20.96000
27-03-2008,20.20800
26-03-2008,20.25100
25-03-2008,19.93400
24-03-2008,18.93500
19-03-2008,19.23700
18-03-2008,19.33900
17-03-2008,19.74200
14-03-2008,21.03000
13-03-2008,20.85500
12-03-2008,22.03900
11-03-2008,22.09700
10-03-2008,21.39600
07-03-2008,21.37300
05-03-2008,22.28300
04-03-2008,22.68700
03-03-2008,23.18500
29-02-2008,24.32100
28-02-2008,24.35800
27-02-2008,24.35100
26-02-2008,24.17000
25-02-2008,23.82100
22-02-2008,23.94900
21-02-2008,24.26000
20-02-2008,24.24100
19-02-2008,24.70200
18-02-2008,24.56300
15-02-2008,24.53200
14-02-2008,24.16600
13-02-2008,23.13100
12-02-2008,23.17800
11-02-2008,23.50800
08-02-2008,24.66100
07-02-2008,25.19900
06-02-2008,25.77100
05-02-2008,26.13100
04-02-2008,26.07700
01-02-2008,25.45300
31-01-2008,25.47800
30-01-2008,25.81700
29-01-2008,26.56300
28-01-2008,26.60300
25-01-2008,26.60000
24-01-2008,24.97900
23-01-2008,25.73100
22-01-2008,24.07200
21-01-2008,25.80200
18-01-2008,28.45900
17-01-2008,29.76800
16-01-2008,29.73800
15-01-2008,30.49200
14-01-2008,30.85300
11-01-2008,30.57100
10-01-2008,30.47900
09-01-2008,31.38400
08-01-2008,31.41700
07-01-2008,32.16600
04-01-2008,32.39800
03-01-2008,32.00800
02-01-2008,31.96500
01-01-2008,31.15000
31-12-2007,30.72300
28-12-2007,30.12700
27-12-2007,29.68000
26-12-2007,29.63400
24-12-2007,28.95800
20-12-2007,28.34800
19-12-2007,28.44800
18-12-2007,28.64200
17-12-2007,28.76000
14-12-2007,29.82400
13-12-2007,29.62500
12-12-2007,29.41100
11-12-2007,29.15800
10-12-2007,28.81300
07-12-2007,28.73800
06-12-2007,28.73900
05-12-2007,28.69200
04-12-2007,28.23000
03-12-2007,27.81400
30-11-2007,27.27300
29-11-2007,26.60200
28-11-2007,26.75600
27-11-2007,26.93800
26-11-2007,27.00500
23-11-2007,26.50000
22-11-2007,26.18600
21-11-2007,26.48800
20-11-2007,27.58700
19-11-2007,28.09900
16-11-2007,27.44700
15-11-2007,27.26900
14-11-2007,27.07900
13-11-2007,26.38000
12-11-2007,25.84300
08-11-2007,26.04000
07-11-2007,26.38900
06-11-2007,26.54000
05-11-2007,26.72200
02-11-2007,26.57000
01-11-2007,26.18000
31-10-2007,26.50200
30-10-2007,26.48700
29-10-2007,26.59100
26-10-2007,26.33500
25-10-2007,25.83900
24-10-2007,25.59000
23-10-2007,25.27900
22-10-2007,24.13900
19-10-2007,24.00000
18-10-2007,24.76300
17-10-2007,25.56000
16-10-2007,26.00300
15-10-2007,25.71600
12-10-2007,25.08600
11-10-2007,25.20400
10-10-2007,24.93100
09-10-2007,24.47300
08-10-2007,23.94300
05-10-2007,24.63100
04-10-2007,24.76300
03-10-2007,24.74400
01-10-2007,24.59300
28-09-2007,24.29400
27-09-2007,23.96500
26-09-2007,23.97400
25-09-2007,23.93200
24-09-2007,23.84000
21-09-2007,23.67500
20-09-2007,23.48700
19-09-2007,23.42700
18-09-2007,23.11100
17-09-2007,23.03900
14-09-2007,22.99900
13-09-2007,23.17500
12-09-2007,23.10300
11-09-2007,23.07000
10-09-2007,23.05100
07-09-2007,23.24000
06-09-2007,23.23100
05-09-2007,23.12700
04-09-2007,23.11300
03-09-2007,23.03500
31-08-2007,22.90000
30-08-2007,22.48200
29-08-2007,22.37300
28-08-2007,22.31500
27-08-2007,22.25400
24-08-2007,21.61800
23-08-2007,21.37500
22-08-2007,21.47900
21-08-2007,21.47300
20-08-2007,22.15100
17-08-2007,21.91600
16-08-2007,22.32400
14-08-2007,23.12800
13-08-2007,23.16200
10-08-2007,23.03600
09-08-2007,23.29100
08-08-2007,23.70800
07-08-2007,23.37000
06-08-2007,23.30200
03-08-2007,23.48900
02-08-2007,23.23400
01-08-2007,23.08000
31-07-2007,23.79100
30-07-2007,23.49900
27-07-2007,23.43700
26-07-2007,24.00500
25-07-2007,23.95200
24-07-2007,24.19300
23-07-2007,24.35500
20-07-2007,24.27900
19-07-2007,24.38800
18-07-2007,24.08500
17-07-2007,24.09000
16-07-2007,24.34000
13-07-2007,24.18700
12-07-2007,24.17900
11-07-2007,23.73700
10-07-2007,23.71400
09-07-2007,23.71300
06-07-2007,23.52300
05-07-2007,23.43400
04-07-2007,23.67000
03-07-2007,23.55500
02-07-2007,23.36200
29-06-2007,23.24600
28-06-2007,22.99000
27-06-2007,23.00200
26-06-2007,22.94400
25-06-2007,22.87700
22-06-2007,22.81900
21-06-2007,22.77000
20-06-2007,22.68900
19-06-2007,22.39200
18-06-2007,22.15700
15-06-2007,22.21300
14-06-2007,21.99100
13-06-2007,21.61200
12-06-2007,21.65600
11-06-2007,21.86200
08-06-2007,21.87100
07-06-2007,22.07200
06-06-2007,21.97300
05-06-2007,22.30100
04-06-2007,22.15800
01-06-2007,22.21700
31-05-2007,22.03700
30-05-2007,21.96800
29-05-2007,22.07000
28-05-2007,21.92200
25-05-2007,21.78600
24-05-2007,21.69700
23-05-2007,21.75500
22-05-2007,21.81000
21-05-2007,21.75000
18-05-2007,21.61400
17-05-2007,21.57300
16-05-2007,21.50300
15-05-2007,21.20000
14-05-2007,21.14700
11-05-2007,20.99100
10-05-2007,20.92500
09-05-2007,20.79300
08-05-2007,20.81700
07-05-2007,20.97500
04-05-2007,21.01900
03-05-2007,21.05600
30-04-2007,20.70800
27-04-2007,20.51700
26-04-2007,20.63500
25-04-2007,20.63300
24-04-2007,20.38600
23-04-2007,20.22400
20-04-2007,20.25600
19-04-2007,20.07400
18-04-2007,20.12400
17-04-2007,20.00100
16-04-2007,19.96100
13-04-2007,19.76000
12-04-2007,19.49900
11-04-2007,19.56100
10-04-2007,19.33200
09-04-2007,19.25400
05-04-2007,18.95300
04-04-2007,18.81500
03-04-2007,18.74300
02-04-2007,18.61400
30-03-2007,19.24800
29-03-2007,19.02300
28-03-2007,18.96000
26-03-2007,19.17100
23-03-2007,19.26700
22-03-2007,19.27300
21-03-2007,18.99800
20-03-2007,18.91200
19-03-2007,18.73300
16-03-2007,18.52400
15-03-2007,18.70500
14-03-2007,18.60600
13-03-2007,18.91500
12-03-2007,18.73500
09-03-2007,18.54000
08-03-2007,18.53700
07-03-2007,18.16100
06-03-2007,18.46900
05-03-2007,18.37300
02-03-2007,19.16800
01-03-2007,19.32900
28-02-2007,19.30600
27-02-2007,19.99800
26-02-2007,19.95500
23-02-2007,19.86500
22-02-2007,20.35300
21-02-2007,20.52000
20-02-2007,20.48200
19-02-2007,20.75000
15-02-2007,20.69400
14-02-2007,20.10500
13-02-2007,20.23500
12-02-2007,20.33400
09-02-2007,20.99800
08-02-2007,21.34700
07-02-2007,21.42000
06-02-2007,21.38600
05-02-2007,21.19800
02-02-2007,21.23500
01-02-2007,20.76600
31-01-2007,20.67200
29-01-2007,20.76100
25-01-2007,20.75100
24-01-2007,20.62600
23-01-2007,20.52300
22-01-2007,20.63600
19-01-2007,20.59400
18-01-2007,20.68400
17-01-2007,20.65400
16-01-2007,20.53100
15-01-2007,20.49600
12-01-2007,20.34700
11-01-2007,20.08500
10-01-2007,19.88600
09-01-2007,20.03800
08-01-2007,20.06200
05-01-2007,20.13200
04-01-2007,20.14000
03-01-2007,20.15400
02-01-2007,19.93600
29-12-2006,19.68600
28-12-2006,19.38900
27-12-2006,19.32700
26-12-2006,19.14100
22-12-2006,18.96900
21-12-2006,18.81800
20-12-2006,18.74700
19-12-2006,18.78000
18-12-2006,18.95500
15-12-2006,18.96800
14-12-2006,18.78000
13-12-2006,18.35200
12-12-2006,18.12300
11-12-2006,18.72000
08-12-2006,19.11200
07-12-2006,19.23900
06-12-2006,19.27000
05-12-2006,19.44700
04-12-2006,19.40600
01-12-2006,19.33600
30-11-2006,19.02100
29-11-2006,18.91400
28-11-2006,18.66300
27-11-2006,18.75700
24-11-2006,18.71600
23-11-2006,18.56900
22-11-2006,18.55000
21-11-2006,18.46000
20-11-2006,18.23200
17-11-2006,18.38400
16-11-2006,18.61300
15-11-2006,18.58700
14-11-2006,18.67800
13-11-2006,18.82400
10-11-2006,18.59800
09-11-2006,18.47700
08-11-2006,18.30800
07-11-2006,18.50900
06-11-2006,18.46800
03-11-2006,18.23500
02-11-2006,18.30000
01-11-2006,18.21200
31-10-2006,18.13800
30-10-2006,18.12500
27-10-2006,18.19300
26-10-2006,18.10700
23-10-2006,18.04200
20-10-2006,17.99100
19-10-2006,17.86200
18-10-2006,17.87200
17-10-2006,17.73000
16-10-2006,17.81500
13-10-2006,17.78800
12-10-2006,17.75300
11-10-2006,17.66100
10-10-2006,17.74900
09-10-2006,17.79900
06-10-2006,17.75000
05-10-2006,17.51700
04-10-2006,17.25500
03-10-2006,17.30600
29-09-2006,17.29100
28-09-2006,17.11300
27-09-2006,17.02700
26-09-2006,17.07000
25-09-2006,17.12000
22-09-2006,17.15200
21-09-2006,17.21200
20-09-2006,17.09900
19-09-2006,17.09400
18-09-2006,17.25900
15-09-2006,17.22300
14-09-2006,17.17800
13-09-2006,17.08900
12-09-2006,16.90300
11-09-2006,16.68600
08-09-2006,17.12300
07-09-2006,17.02300
06-09-2006,17.00900
05-09-2006,16.93700
04-09-2006,16.87900
01-09-2006,16.62300
31-08-2006,16.57200
30-08-2006,16.77600
29-08-2006,16.86600
28-08-2006,16.89700
25-08-2006,16.81000
24-08-2006,16.69300
23-08-2006,16.62900
22-08-2006,16.69800
21-08-2006,16.62600
18-08-2006,16.52500
17-08-2006,16.53800
16-08-2006,16.67400
14-08-2006,16.46800
11-08-2006,16.24100
10-08-2006,16.03400
09-08-2006,15.91500
08-08-2006,15.63300
07-08-2006,15.46900
04-08-2006,15.52600
03-08-2006,15.49200
02-08-2006,15.36100
01-08-2006,15.18000
31-07-2006,15.26600
28-07-2006,15.12400
27-07-2006,14.95300
26-07-2006,14.71400
25-07-2006,14.38100
24-07-2006,14.17200
21-07-2006,14.27500
20-07-2006,14.55400
19-07-2006,14.41400
18-07-2006,14.70500
17-07-2006,14.76800
14-07-2006,15.02200
13-07-2006,15.12900
12-07-2006,15.15700
11-07-2006,14.97900
10-07-2006,14.96000
07-07-2006,14.97300
06-07-2006,15.14000
05-07-2006,15.22400
04-07-2006,15.15600
03-07-2006,15.17300
30-06-2006,15.10200
29-06-2006,14.61700
28-06-2006,14.56500
27-06-2006,14.73200
26-06-2006,14.88000
23-06-2006,15.34600
22-06-2006,15.33000
21-06-2006,15.00600
20-06-2006,14.67200
19-06-2006,14.68100
16-06-2006,14.29300
15-06-2006,13.69600
14-06-2006,13.04900
13-06-2006,13.55900
12-06-2006,14.43700
09-06-2006,14.67200
08-06-2006,13.96200
07-06-2006,15.18500
06-06-2006,16.15300
05-06-2006,16.78400
02-06-2006,17.10400
01-06-2006,17.20700
31-05-2006,17.75000
30-05-2006,18.33800
29-05-2006,18.39800
26-05-2006,18.29000
25-05-2006,17.78900
24-05-2006,17.84200
23-05-2006,17.85000
22-05-2006,17.50100
19-05-2006,18.67400
18-05-2006,19.32400
17-05-2006,20.63700
16-05-2006,19.97000
15-05-2006,20.27200
12-05-2006,20.88400
11-05-2006,20.98400
10-05-2006,20.99100
09-05-2006,20.74200
08-05-2006,20.66900
05-05-2006,20.67500
04-05-2006,20.70000
03-05-2006,20.72900
02-05-2006,20.75800
28-04-2006,20.20100
27-04-2006,20.29000
26-04-2006,20.31600
25-04-2006,20.00300
24-04-2006,20.29400
21-04-2006,20.23700
20-04-2006,20.37100
19-04-2006,20.14400
18-04-2006,20.15100
17-04-2006,19.96400
13-04-2006,19.62900
12-04-2006,20.09900
10-04-2006,20.51800
07-04-2006,20.25100
05-04-2006,20.38300
04-04-2006,20.14600
03-04-2006,20.10100
